41 533
89 18
51 5
1 15
89 7
4 12
66 3
68 2
90 13
66 14
75 7
80 5
7 15
61 19
62 3
41 4
79 9
30 19
48 7
5 4
56 18
71 12
91 15
8 11
39 6
22 17
63 5
28 3
46 14
4 2
74 8
62 1
56 6
94 9
89 19
88 5
88 14
38 12
84 4
38 5
33 6
66 13
14 30
6 37
12 20
17 37
12 25
1 5
6 25
23 29
9 27
19 31
7 25
8 10
18 36
16 17
7 33
13 31
1 17
3 13
1 12
21 40
26 40
9 35
7 29
18 26
15 32
13 32
10 29
14 16
6 31
30 35
1 23
15 31
20 40
13 40
1 3
0 3
14 18
27 30
27 31
10 14
23 27
22 27
10 32
8 15
5 26
14 28
30 36
31 39
12 17
33 35
25 40
15 17
36 38
14 24
1 10
8 23
12 29
7 12
21 35
1 36
23 36
30 37
16 39
1 40
25 37
11 38
15 19
0 35
6 21
2 18
6 12
13 35
30 34
3 31
29 37
0 32
23 24
2 28
16 28
9 36
6 8
13 30
9 12
6 40
12 14
14 29
0 10
16 23
0 7
5 35
22 24
6 39
29 35
10 34
12 13
19 39
0 31
7 40
22 23
16 25
5 20
27 36
3 8
23 39
13 20
32 33
11 26
7 35
1 24
34 40
24 39
17 40
34 35
5 16
20 32
12 40
17 20
24 28
9 33
4 11
14 39
1 15
12 33
14 38
10 20
7 37
17 26
29 38
5 37
14 19
9 25
25 31
9 37
9 19
20 31
10 27
0 29
4 26
6 13
5 7
21 37
15 30
2 22
0 12
5 10
2 26
5 14
13 37
8 29
3 12
26 31
31 38
19 37
16 19
24 38
7 20
23 31
1 7
5 19
13 21
14 36
0 20
18 22
14 15
1 25
28 38
9 17
19 24
2 23
10 25
1 31
3 29
20 39
1 27
12 30
5 12
14 17
0 25
8 35
1 38
10 33
19 25
17 36
19 30
25 27
8 16
19 23
9 21
17 39
4 16
3 30
10 30
6 14
15 33
25 26
30 39
2 24
21 34
8 9
10 17
13 26
24 31
12 32
27 37
0 8
12 21
25 29
31 32
13 38
8 12
12 36
1 20
21 29
5 15
31 33
26 30
13 29
3 33
32 35
16 38
29 36
8 32
15 40
7 19
17 23
13 33
17 29
8 40
12 24
18 39
2 39
17 25
6 35
2 11
35 37
5 30
7 31
16 22
1 30
6 7
4 38
4 23
6 27
8 27
10 21
5 38
8 30
6 19
3 9
18 24
9 14
19 36
20 35
34 37
10 15
5 27
5 9
1 39
9 40
21 32
19 27
16 30
15 34
7 32
19 21
23 40
8 17
0 37
6 15
7 10
28 36
30 33
20 34
7 21
3 40
6 36
25 34
6 20
11 14
32 40
6 33
15 35
1 26
32 37
20 23
8 26
3 10
1 6
0 15
1 9
5 8
1 16
3 19
5 21
29 33
20 33
22 36
33 34
13 25
12 34
0 13
11 16
17 38
32 34
15 27
0 21
10 37
0 33
16 24
11 22
9 31
8 21
3 21
15 25
19 38
8 14
0 9
24 26
2 4
5 31
4 14
14 31
9 34
23 25
30 31
6 17
10 12
21 31
17 19
11 18
9 10
31 36
13 23
4 28
20 38
19 26
24 36
8 34
11 36
1 19
30 32
3 37
18 23
21 33
2 38
1 29
8 31
3 32
23 28
30 38
10 31
20 27
30 40
3 6
13 17
13 36
15 29
1 35
17 27
25 30
8 20
12 19
20 36
7 9
20 25
8 13
28 39
8 39
7 30
8 36
36 40
9 29
8 38
5 23
0 30
13 39
20 37
3 25
9 30
9 13
19 33
6 9
4 18
26 27
8 37
6 30
22 28
1 8
5 36
7 15
14 26
9 15
3 35
9 20
6 29
10 35
38 40
12 38
22 26
4 36
0 6
12 31
4 39
29 30
33 40
26 36
0 40
0 19
35 40
12 35
3 7
14 20
15 20
23 26
20 29
17 24
10 19
19 20
14 22
21 25
13 14
14 27
19 35
11 27
7 8
14 25
12 37
10 13
31 34
13 16
7 13
12 27
0 5
8 25
5 13
29 31
5 40
33 37
27 40
13 27
8 33
1 37
5 6
5 33
29 40
19 32
6 32
19 40
16 26
12 39
5 29
19 34
26 28
25 38
16 18
27 38
39 40
6 23
13 19
5 39
25 33
31 37
15 37
12 15
31 40
22 39
29 32
14 23
19 29
29 34
18 38
16 31
4 22
23 30
25 35
14 40
11 24
27 29
25 39
17 30
23 38
27 39
9 23
0 34
12 23
5 32
16 40
38 39
22 38
26 38
6 10
10 40
16 27
3 15
26 39
37 40
9 32
13 15
3 34
36 39
6 34
11 28
12 26
25 32
17 31
31 35
3 5
20 21
1 13
5 25
3 20
1 34
20 30
13 34
5 34
2 36
18 28
5 17
11 39
12 16
24 27
4 24
9 38
8 19
2 16
1 14
6 38
21 30
15 21
11 23
16 36
25 36
7 34
