160 4240
154 24
108 2
141 13
149 21
144 35
150 26
24 4
142 33
156 1
69 28
66 36
81 4
133 30
139 10
159 18
166 6
184 39
15 30
66 21
27 28
50 1
172 35
55 17
134 11
44 39
100 17
119 35
49 35
138 32
155 31
85 34
84 30
189 21
8 31
177 34
151 18
168 36
149 14
167 9
67 2
66 6
29 40
69 11
11 35
51 5
45 31
189 5
93 37
176 6
120 19
115 6
186 33
12 13
200 22
12 24
58 16
193 30
192 2
170 8
140 14
139 30
146 17
186 34
177 2
29 33
176 22
14 6
122 10
191 33
29 29
71 15
117 33
45 37
36 14
101 19
196 13
2 33
191 24
67 6
14 3
29 36
111 5
101 34
124 19
182 25
34 38
14 37
28 29
33 27
23 8
32 13
159 26
71 31
61 24
108 10
150 31
120 10
176 13
16 17
24 9
183 22
10 38
198 31
69 7
29 22
13 40
142 14
3 16
126 25
61 27
172 2
159 39
20 1
5 3
193 2
191 11
10 5
61 17
6 31
19 5
82 38
77 40
119 26
62 33
198 19
179 39
74 16
137 21
77 5
84 6
145 23
28 39
98 17
13 24
32 24
136 21
119 9
99 18
55 21
15 38
60 27
59 5
125 14
14 20
163 16
197 8
74 34
179 6
107 37
91 14
126 34
63 17
182 4
83 25
123 11
79 18
80 15
148 37
50 10
150 30
37 84
134 141
76 104
107 140
88 158
34 84
69 88
13 108
61 81
45 109
8 58
134 155
8 48
39 90
35 50
62 84
126 140
56 60
9 31
18 88
98 141
5 48
85 109
13 25
65 114
76 80
100 125
5 150
55 73
128 136
70 117
42 74
42 155
89 104
6 156
15 96
14 15
44 140
66 87
17 85
85 101
0 38
60 153
111 148
55 107
104 105
90 112
46 48
9 52
54 73
10 139
8 94
38 145
129 140
12 130
127 135
132 149
82 150
3 38
81 136
5 130
88 105
4 65
117 151
14 63
18 143
140 158
33 41
63 84
71 109
3 150
57 100
16 65
12 150
0 2
35 57
7 21
76 87
82 146
50 59
18 26
122 156
4 77
44 103
18 123
0 142
153 154
83 154
83 144
83 84
115 147
4 28
6 78
38 84
20 129
28 36
46 130
38 65
93 153
19 123
27 134
9 83
13 94
83 96
68 91
90 109
86 134
92 140
96 97
88 116
43 118
14 110
39 99
9 43
30 60
21 60
43 123
53 77
78 104
42 90
59 130
78 140
2 136
92 150
49 65
53 114
45 118
119 138
94 140
132 154
53 111
52 88
150 153
74 158
39 141
17 92
14 37
40 89
1 103
19 116
122 151
37 154
44 158
64 85
117 128
45 54
39 142
25 44
40 134
12 77
24 93
43 76
0 48
51 53
37 100
0 37
88 123
97 114
87 118
27 153
70 96
22 39
14 106
134 140
25 49
94 127
25 154
1 81
8 53
42 103
43 93
78 81
61 132
14 130
89 151
78 155
35 142
102 125
0 23
32 63
40 119
26 127
73 140
101 140
65 142
11 134
81 94
118 143
34 157
72 143
9 119
24 43
1 141
6 88
112 138
91 145
12 30
40 151
54 85
136 154
31 82
79 109
39 67
22 117
144 147
99 117
9 30
40 94
63 115
83 126
92 108
49 61
1 18
42 50
88 99
29 125
37 53
96 137
81 144
46 100
84 127
97 144
109 151
59 152
54 158
57 84
73 116
37 96
72 138
31 45
58 130
75 110
37 46
19 22
135 159
51 111
15 122
37 91
17 133
26 47
114 145
137 149
47 157
85 87
73 141
53 159
0 102
107 116
40 54
23 154
9 74
10 33
69 117
21 71
18 83
26 140
20 98
74 81
12 125
63 144
46 91
68 84
47 130
69 80
80 139
25 156
42 96
129 135
13 127
132 155
120 150
61 115
0 68
81 154
78 109
18 98
69 146
12 65
97 154
50 135
82 135
23 61
3 5
61 114
104 140
31 47
0 21
17 41
60 65
111 127
1 94
20 42
13 122
18 20
5 114
23 122
56 135
142 144
63 145
53 144
3 115
69 107
58 147
49 94
93 148
3 67
66 112
81 151
59 67
2 84
64 118
58 97
14 135
94 141
86 131
128 134
19 55
2 74
17 86
5 96
51 157
59 100
40 93
19 33
10 71
66 79
64 88
27 87
78 151
3 102
50 96
63 83
19 99
30 104
0 91
89 116
89 117
42 83
5 60
52 151
120 146
22 128
61 152
3 36
79 87
13 91
52 70
58 152
2 129
40 140
44 138
130 142
1 154
42 98
132 137
132 153
52 133
103 155
23 129
11 158
3 16
66 70
37 74
31 150
2 110
9 149
34 102
39 140
69 70
23 144
33 123
37 67
38 106
22 66
20 112
72 101
15 106
32 130
74 135
99 143
75 114
85 105
8 144
41 123
52 112
39 94
55 129
19 42
3 47
59 108
120 135
57 152
141 149
0 75
18 116
73 129
20 141
127 137
4 34
3 26
47 85
76 105
55 109
10 134
26 148
138 156
18 71
77 91
18 40
53 57
41 92
96 154
39 117
85 120
52 55
122 127
68 127
3 21
19 118
80 123
4 91
20 119
86 88
6 40
67 96
45 131
42 89
37 149
113 138
18 121
29 148
38 136
35 67
8 83
84 145
22 54
17 88
81 130
23 46
3 34
36 91
117 126
24 104
44 104
40 104
3 81
93 112
6 133
80 85
75 144
87 93
69 90
11 90
19 69
54 112
36 102
9 126
19 146
78 90
49 135
78 87
58 77
89 156
15 83
96 129
84 135
107 117
67 83
11 127
15 35
65 159
28 30
29 51
48 115
21 36
76 134
74 151
23 156
69 103
123 153
0 34
13 84
74 127
13 147
126 154
15 37
34 100
65 68
9 123
85 143
61 147
7 77
52 78
0 82
27 143
48 124
21 68
87 88
95 130
89 134
61 136
42 66
13 130
69 79
59 142
83 147
5 71
121 150
108 150
44 155
55 88
43 139
95 127
54 104
55 128
127 144
60 135
44 137
22 116
29 84
50 151
48 135
46 53
18 136
23 25
18 151
71 111
28 51
44 66
96 103
0 62
10 120
12 122
0 36
128 137
32 91
98 158
34 108
17 43
42 94
14 136
109 138
36 111
43 64
19 156
29 157
7 16
80 93
66 99
17 93
79 88
19 45
9 70
71 82
32 95
18 43
6 112
106 115
96 142
3 57
5 25
78 134
83 149
104 129
1 83
79 99
2 5
5 56
32 114
44 149
11 55
24 121
0 145
76 133
26 122
54 143
14 74
48 65
44 109
27 109
9 101
35 77
71 122
20 128
88 131
44 74
47 71
95 125
42 141
54 80
74 136
9 105
13 100
93 105
14 142
31 153
0 15
116 133
50 141
89 93
91 96
48 152
73 88
44 93
105 134
137 154
70 153
104 133
149 155
74 128
17 134
77 144
73 126
144 145
62 65
18 19
26 91
35 144
2 100
18 86
42 128
28 31
87 153
99 109
3 147
3 145
85 146
1 135
94 138
19 153
39 87
18 24
19 86
67 151
9 44
37 144
32 144
110 142
2 83
40 55
56 77
20 78
33 101
92 109
85 139
8 23
19 24
69 128
86 133
8 100
101 118
15 32
42 73
54 86
32 48
39 133
98 133
11 87
4 127
106 154
44 70
63 108
83 127
96 130
37 152
27 139
81 103
9 117
56 159
61 108
16 32
19 72
11 39
29 82
28 62
11 89
112 116
96 122
124 152
81 129
87 113
33 109
122 149
2 153
38 127
3 159
34 111
122 123
24 76
38 94
8 13
38 144
22 103
133 158
75 145
10 54
0 71
6 140
91 130
4 12
69 151
3 125
104 126
116 134
94 142
65 127
50 61
13 136
88 107
14 108
96 128
70 149
135 152
117 143
18 52
82 92
69 73
15 114
153 155
77 130
70 158
35 114
92 131
36 108
90 98
92 143
124 144
21 150
18 134
46 145
15 65
11 42
14 53
74 91
3 100
3 157
1 8
108 121
97 100
26 108
103 116
99 126
44 153
5 110
82 140
74 153
12 159
7 36
25 70
91 142
49 149
3 4
32 135
15 135
113 143
129 149
65 75
53 110
73 113
51 100
71 135
44 156
50 58
122 159
93 137
78 117
18 141
32 75
136 155
3 130
58 122
115 145
1 149
1 91
125 157
29 150
138 155
23 38
109 129
83 142
5 8
15 48
3 13
3 63
69 138
114 144
131 146
141 153
93 156
48 61
88 93
87 140
27 121
22 153
57 59
75 124
65 110
7 82
64 139
26 150
140 156
49 117
8 74
23 77
64 140
13 37
90 153
18 55
4 53
38 61
28 125
25 127
45 87
54 88
13 58
9 49
52 103
41 105
75 147
13 14
92 93
51 60
30 122
77 145
7 34
42 44
9 66
78 79
28 127
103 137
81 153
11 40
32 51
66 103
8 114
89 119
0 125
4 122
3 12
100 108
8 91
103 122
138 141
27 54
91 152
91 100
10 43
78 142
42 134
87 92
31 109
108 120
27 123
77 124
86 105
37 110
80 101
138 158
67 155
18 70
0 84
3 95
130 145
32 147
2 149
1 11
40 116
49 127
8 136
77 135
1 35
128 129
55 156
23 142
14 115
73 134
45 47
33 64
83 100
29 108
10 24
89 107
8 130
88 151
83 130
121 153
74 154
64 123
59 115
50 91
26 71
42 49
48 67
29 102
67 110
87 105
0 67
36 56
108 155
92 134
2 65
73 151
27 45
64 104
33 85
26 95
61 122
146 148
20 104
39 109
21 26
25 40
25 42
46 84
58 106
4 21
35 115
1 132
20 140
40 90
2 106
72 82
0 148
120 127
92 105
107 119
4 157
58 127
71 123
23 65
30 121
54 116
14 61
62 91
72 87
6 19
18 74
86 87
3 110
22 74
68 77
66 138
50 108
98 138
116 151
1 158
91 114
11 44
86 101
63 97
61 144
40 44
70 93
60 159
1 109
44 55
111 159
56 130
11 25
78 137
98 134
108 144
116 119
21 122
1 155
90 103
35 63
10 101
28 47
44 87
0 46
79 138
81 93
100 152
5 74
38 122
40 141
25 158
39 49
74 156
44 69
67 137
22 132
127 148
60 125
9 10
10 64
88 109
4 130
9 40
93 116
109 141
116 117
16 68
44 133
25 149
67 108
34 130
20 66
49 91
90 151
101 104
84 144
77 152
29 122
6 55
31 108
56 127
6 109
27 148
23 100
18 54
22 73
56 84
13 96
119 158
32 36
6 119
26 28
28 34
20 70
40 79
48 96
6 99
57 63
51 102
19 139
4 7
0 154
130 148
20 107
35 97
50 103
8 32
69 93
15 100
26 111
50 122
61 65
94 135
19 52
100 135
55 112
0 95
87 98
93 134
87 104
110 114
94 126
69 92
53 147
107 158
12 91
90 155
25 81
24 64
48 108
123 131
95 148
44 107
122 146
39 132
116 158
31 88
5 21
142 155
1 96
94 117
16 84
38 58
112 141
39 89
82 148
127 157
65 106
11 104
27 80
57 124
34 127
82 95
98 104
48 83
0 16
6 128
65 135
2 147
9 50
9 104
63 152
1 38
19 73
58 96
114 115
14 83
12 95
86 140
43 101
54 98
69 126
55 158
28 120
115 127
108 154
56 62
136 156
31 64
46 106
58 114
4 30
73 103
47 92
32 65
119 140
88 141
50 155
131 133
81 135
65 108
100 159
30 41
56 95
20 155
29 32
15 108
34 77
85 133
81 132
9 69
19 117
61 142
42 55
48 77
37 48
78 116
27 69
7 60
21 127
40 132
128 158
91 147
94 129
58 67
137 138
122 155
18 79
65 147
15 152
4 148
16 28
36 62
57 106
108 127
97 142
2 94
10 143
73 117
53 130
61 130
131 143
7 65
106 147
127 153
18 132
63 65
107 112
25 108
33 134
27 93
81 109
23 83
117 133
36 135
139 140
59 154
126 155
82 138
20 39
13 67
72 93
1 138
11 156
52 73
4 135
6 113
93 129
99 134
98 126
3 28
93 121
122 135
78 143
22 25
83 152
27 72
84 106
18 78
35 94
11 141
5 53
23 59
29 95
3 106
23 149
91 136
80 121
9 154
70 138
15 124
108 147
3 152
45 104
104 121
35 37
119 141
20 134
86 138
96 147
88 113
138 146
89 140
75 77
19 133
125 150
57 97
41 85
20 79
31 127
0 50
96 149
9 136
9 137
67 128
22 107
70 141
87 103
93 123
80 133
54 134
91 124
16 111
34 62
18 31
87 117
9 129
27 43
10 93
75 127
20 117
12 28
67 127
50 110
45 134
20 88
5 68
56 65
0 122
41 134
135 142
69 105
78 156
41 118
128 132
9 78
51 77
44 78
50 149
28 122
142 154
34 68
47 82
26 159
104 138
31 85
64 134
5 35
72 123
125 130
39 44
5 61
1 67
20 149
38 154
106 108
93 140
55 69
128 140
137 142
55 140
40 83
30 153
130 147
103 158
40 117
85 121
59 137
40 137
27 30
43 69
11 132
39 156
40 78
91 159
15 59
70 83
91 110
17 104
87 120
3 142
97 108
141 156
14 152
12 34
32 37
115 135
21 108
51 84
112 143
29 71
120 131
126 134
71 93
41 64
40 122
26 135
1 49
4 95
74 141
60 157
104 112
44 52
56 102
105 131
138 139
53 100
48 100
49 130
129 136
17 146
39 151
11 155
89 98
110 124
55 126
41 69
15 154
18 154
66 109
108 111
26 130
37 61
45 139
5 81
53 97
16 130
45 88
59 122
118 140
120 148
93 149
97 127
90 134
78 153
26 146
54 87
36 125
46 110
80 134
41 87
142 153
49 70
90 104
132 151
10 45
55 78
70 94
13 137
18 39
33 105
69 139
45 72
138 149
73 90
70 156
25 59
41 140
28 84
18 120
80 87
84 97
92 138
117 141
47 72
40 74
73 78
16 100
21 100
43 105
31 134
48 142
55 141
113 116
48 110
48 58
9 121
39 126
73 143
140 151
0 106
50 144
1 137
57 65
9 94
126 136
16 157
38 108
79 134
59 91
2 48
5 26
86 92
42 132
57 114
23 91
32 61
59 129
76 118
104 151
38 81
90 158
5 100
46 135
124 130
72 85
60 100
70 109
13 149
126 137
94 154
10 121
15 38
12 21
123 143
3 91
93 133
63 130
59 147
52 109
11 83
27 140
84 100
6 90
45 140
3 37
14 57
136 151
7 111
48 49
54 69
73 107
3 114
104 117
100 102
100 114
52 93
66 107
72 153
70 88
3 65
9 41
3 50
89 99
19 105
87 146
59 65
37 83
50 83
40 112
91 95
62 102
12 68
79 113
35 135
35 154
124 145
62 130
21 95
69 113
70 132
33 54
33 104
99 140
87 99
6 126
67 156
93 117
135 157
108 142
5 145
23 106
43 85
96 135
118 133
37 145
25 103
33 43
68 130
64 69
139 146
81 122
73 128
43 134
10 138
85 138
129 154
84 157
79 90
84 150
5 12
48 63
140 146
81 96
101 138
89 113
80 146
12 51
50 128
24 80
40 49
65 115
112 140
16 56
70 87
87 116
81 83
80 86
13 156
120 153
83 94
3 154
20 156
8 63
103 119
113 158
32 125
22 40
24 72
69 98
112 128
19 43
72 80
114 130
3 14
16 127
69 131
154 155
9 146
45 80
8 127
1 14
23 94
71 127
16 77
84 91
121 131
4 32
2 75
13 129
14 25
129 141
63 67
30 85
7 150
89 103
54 118
4 47
64 121
14 77
43 54
68 125
13 74
43 140
20 22
49 136
24 146
148 153
148 150
12 108
6 138
19 85
132 138
73 98
7 95
124 147
11 149
52 99
1 122
60 122
2 130
82 91
15 145
130 149
82 109
87 128
41 109
119 128
38 75
8 145
80 153
51 68
81 128
37 137
25 126
37 38
15 77
109 146
60 62
12 32
104 131
77 110
38 130
22 113
95 108
43 138
40 67
58 142
109 131
89 155
70 108
2 15
3 48
6 141
39 122
32 100
132 136
5 154
144 154
5 147
88 128
13 132
2 63
23 81
27 31
61 83
35 38
23 127
91 148
44 73
1 22
27 41
102 130
8 97
101 105
78 112
40 128
14 65
25 74
22 134
12 16
81 141
115 152
128 156
14 49
15 115
83 91
41 104
52 158
9 11
88 89
22 126
84 152
17 80
96 108
13 75
6 9
14 127
11 153
37 75
9 47
73 158
83 156
127 130
20 90
104 123
35 46
133 138
9 96
34 150
37 97
5 148
80 104
87 112
105 143
121 123
137 151
1 55
65 95
5 59
38 83
24 87
22 44
92 133
127 136
39 88
17 140
69 123
37 130
98 116
31 71
20 116
66 134
104 141
69 156
20 103
11 135
144 152
29 130
90 156
94 128
60 120
55 133
2 135
51 127
21 157
3 51
0 65
55 93
18 158
39 116
121 140
39 73
58 91
28 108
125 135
58 84
78 83
36 77
9 90
81 91
37 58
5 28
134 146
59 153
39 112
5 32
12 146
96 126
0 53
50 74
84 147
21 34
15 57
97 152
5 14
19 112
98 119
48 75
103 153
65 83
67 122
79 98
3 148
7 28
58 100
95 135
90 138
3 74
22 87
30 71
22 42
17 123
87 109
89 112
51 65
18 112
5 94
97 136
11 142
80 92
46 65
25 138
127 152
9 67
74 122
79 119
66 158
7 102
21 130
3 53
17 33
32 159
19 89
108 148
5 34
82 120
50 132
61 135
20 40
40 156
55 94
54 103
40 66
5 122
9 139
2 49
21 135
139 143
133 141
8 65
117 119
31 123
70 79
38 46
65 96
19 39
26 157
8 38
19 80
43 104
53 115
21 159
21 56
93 138
45 76
52 107
4 108
39 153
108 125
55 81
31 92
32 110
49 142
81 140
44 89
98 113
48 145
37 59
62 68
39 104
28 150
0 124
40 155
88 129
34 56
48 106
63 124
18 72
103 132
8 108
17 64
49 59
68 100
87 107
117 137
44 117
93 143
67 154
110 135
14 32
31 122
112 134
19 66
94 136
3 29
8 84
54 101
32 102
9 142
100 130
44 94
63 136
87 126
86 104
81 106
103 154
99 155
142 156
98 109
75 115
35 124
15 136
10 131
52 134
59 124
120 140
5 127
49 144
140 141
137 158
13 23
10 85
3 132
97 145
32 57
80 143
77 127
74 149
55 155
150 157
63 127
93 94
137 156
13 154
42 140
64 93
32 59
16 29
79 103
1 59
112 133
45 123
23 57
72 140
32 145
16 60
85 134
130 157
55 137
36 71
2 127
71 153
69 143
2 57
25 106
44 113
24 41
30 109
47 122
54 76
121 148
3 8
106 152
9 25
65 124
69 121
11 128
0 3
103 136
53 56
39 98
103 149
83 153
93 99
91 94
68 95
44 134
0 5
116 140
39 155
12 82
5 49
17 76
31 138
6 22
15 61
19 131
79 143
22 94
30 93
55 104
14 35
84 108
0 100
12 153
63 106
77 125
49 128
2 115
127 132
71 91
28 111
33 88
3 49
47 123
38 115
55 70
62 111
35 130
84 114
15 142
64 87
45 138
14 94
107 143
5 58
145 147
28 68
1 74
2 122
28 135
70 90
48 114
87 139
135 149
37 63
67 126
101 139
55 138
87 138
5 38
39 42
20 137
20 74
64 86
0 63
52 90
4 36
11 49
38 91
93 155
3 32
27 85
33 138
32 97
78 133
14 144
87 134
1 156
121 146
14 84
28 56
0 51
76 131
25 83
61 145
50 156
76 88
87 121
19 120
18 142
27 92
20 113
19 101
29 34
10 31
45 101
130 137
23 50
70 151
2 144
40 98
80 131
48 53
23 108
81 117
7 125
13 106
35 74
30 123
74 130
115 130
39 79
37 106
61 67
78 94
10 123
27 104
41 131
32 84
103 151
93 119
54 64
21 125
72 121
35 147
82 130
23 152
16 53
74 108
96 144
2 96
33 87
88 103
88 101
93 131
78 154
60 91
19 54
94 106
105 109
83 136
14 145
19 79
20 52
21 29
97 130
87 143
9 27
5 102
42 126
29 68
14 67
38 50
48 127
18 133
53 58
9 150
10 86
65 150
40 96
147 154
32 77
117 132
90 107
11 93
9 99
43 72
66 90
54 109
31 135
9 128
117 153
67 147
24 101
7 135
3 108
30 80
122 130
33 72
35 136
98 140
41 133
47 60
18 122
61 74
35 49
9 17
3 23
25 78
40 42
67 91
37 132
33 80
81 149
24 30
18 155
54 93
113 134
19 78
128 153
36 100
32 106
29 77
36 68
42 136
63 142
27 86
48 154
19 92
8 37
8 67
54 79
83 128
45 121
22 98
19 64
59 96
70 134
6 18
79 141
24 109
71 146
24 133
149 154
141 155
93 158
2 35
38 67
54 140
10 19
36 60
5 142
115 144
13 115
53 106
109 118
46 144
50 70
23 58
66 88
53 102
55 153
129 156
109 123
109 128
43 109
30 134
15 46
97 106
49 110
39 40
29 56
18 109
104 158
111 125
16 34
0 12
38 147
74 106
44 79
106 110
92 122
119 126
44 98
17 131
19 103
35 91
0 136
8 77
93 103
20 132
10 133
73 149
155 156
42 93
21 84
24 118
40 87
26 93
117 136
110 145
13 46
66 104
12 120
134 149
74 129
113 141
45 146
108 159
39 78
58 145
129 158
95 100
16 21
135 136
9 140
88 120
61 149
126 153
14 100
125 127
60 95
12 47
61 94
129 134
94 153
91 108
127 150
41 45
78 149
14 59
52 66
47 121
87 131
16 51
108 149
54 78
21 65
57 77
35 53
67 142
31 140
42 112
2 114
67 70
88 126
12 31
122 144
81 156
30 88
99 156
11 67
58 124
6 116
103 109
134 153
54 119
25 151
28 60
59 127
66 93
34 60
74 96
39 103
99 158
82 93
64 92
14 147
9 109
20 87
1 78
18 146
91 102
65 122
36 157
99 141
18 47
10 88
15 127
39 137
0 26
27 118
8 35
25 137
2 23
25 94
22 112
41 120
29 135
90 149
84 142
50 81
7 51
81 138
49 103
13 57
79 117
0 114
68 159
125 159
30 31
11 138
98 107
96 106
70 136
117 149
74 93
31 93
99 104
82 123
88 139
39 93
7 71
129 138
22 140
66 78
9 85
16 125
5 135
93 136
122 128
108 136
5 77
53 152
92 121
2 59
10 104
68 111
0 157
15 110
16 95
58 83
72 139
11 151
19 155
127 155
22 158
23 114
66 117
88 104
135 156
93 132
93 113
19 87
6 52
59 77
89 109
28 159
13 110
89 158
94 137
76 139
46 61
88 118
9 93
69 116
22 137
78 158
3 60
49 63
22 90
42 133
6 42
11 69
53 75
130 150
47 148
59 136
2 137
20 94
52 54
41 153
24 82
88 138
24 54
24 45
18 67
37 135
36 95
55 99
56 100
122 148
19 143
45 93
35 96
92 120
10 17
7 127
4 29
5 152
49 154
67 78
43 88
116 143
95 157
86 93
71 120
47 138
74 138
42 81
18 117
68 157
57 91
23 48
12 84
105 123
27 105
91 150
135 155
9 80
80 120
9 148
83 103
44 112
100 115
109 156
134 156
20 55
26 31
13 65
94 149
15 50
109 132
14 114
26 82
18 49
42 142
81 155
5 16
1 15
37 81
73 138
40 133
27 120
51 62
104 134
100 127
4 60
135 147
69 119
110 154
69 158
77 111
1 44
11 136
58 81
5 144
128 154
74 109
19 134
16 150
57 58
109 134
5 13
97 122
31 148
89 126
78 141
9 151
121 122
13 48
136 153
131 134
108 146
44 132
75 84
7 122
32 35
104 116
126 128
0 8
20 73
45 85
122 157
9 86
22 89
18 138
59 144
2 145
1 5
26 36
39 154
10 18
28 91
109 119
35 65
8 81
129 137
46 59
65 100
3 71
138 153
66 151
45 82
83 97
72 104
89 128
99 151
129 151
77 114
88 143
85 140
41 146
0 57
143 151
9 138
18 80
23 97
3 7
65 154
112 126
113 117
109 158
42 69
18 104
128 151
0 108
128 155
65 125
29 65
91 125
22 133
90 93
74 126
18 81
137 153
93 118
10 87
17 27
108 128
42 156
39 119
45 133
97 147
10 26
59 61
54 66
97 135
133 139
39 128
7 29
67 129
96 132
38 97
79 133
37 57
109 139
105 118
109 140
78 136
140 143
119 151
54 151
26 34
67 97
9 108
0 127
129 132
21 62
55 149
77 159
80 105
34 125
9 88
19 104
37 136
135 144
74 117
67 153
96 153
97 110
2 61
64 80
18 94
70 154
106 137
103 126
39 83
69 120
65 97
50 94
105 140
137 141
41 72
103 142
14 96
47 153
17 45
102 157
19 93
70 129
30 120
73 133
0 1
109 120
63 110
73 112
58 144
63 100
69 101
71 140
23 137
73 93
19 128
0 150
15 75
9 87
69 133
18 139
78 138
83 155
54 70
6 69
20 158
22 149
16 135
7 31
11 99
44 99
72 146
49 97
99 133
81 108
42 143
13 50
59 75
85 123
83 137
83 129
128 149
106 130
54 139
17 69
15 53
40 99
22 79
2 37
14 50
21 32
48 57
134 158
50 127
109 121
8 50
44 151
123 146
77 157
127 129
42 119
70 126
60 148
19 126
0 4
21 77
2 53
11 23
26 121
62 100
20 89
31 146
109 117
45 153
74 155
43 131
24 47
2 67
28 71
36 122
35 84
54 99
7 68
15 94
114 127
55 132
85 131
24 138
3 144
65 77
8 106
83 106
46 127
61 137
67 149
31 87
49 122
103 104
19 76
40 103
13 142
25 93
69 86
63 96
35 48
54 55
82 153
40 88
6 20
3 83
53 61
57 135
126 151
102 159
81 126
54 90
80 88
64 109
25 132
38 48
27 133
69 140
126 129
27 131
65 157
70 119
8 124
21 51
70 112
131 139
29 60
73 104
149 153
104 153
104 119
42 87
133 140
40 153
1 40
11 108
16 159
107 113
2 50
0 74
118 139
64 146
29 36
64 133
13 114
35 58
19 98
16 102
25 129
42 138
69 155
6 143
30 87
35 100
38 114
108 110
78 128
41 143
73 89
44 143
19 158
62 157
51 56
67 135
18 128
9 131
105 133
149 151
93 120
41 86
12 127
2 132
126 156
61 110
133 134
19 140
87 119
86 123
90 133
41 76
15 49
70 142
56 91
7 157
42 70
65 91
32 46
83 132
42 108
14 75
89 90
52 79
70 140
57 127
52 113
153 158
42 153
5 75
21 91
78 98
113 133
116 138
4 102
109 112
117 158
25 35
85 118
45 120
7 30
54 105
88 117
87 123
45 64
49 156
94 109
49 106
59 132
29 53
30 108
2 3
106 129
49 74
138 143
1 42
99 112
123 148
46 58
97 124
18 50
42 52
17 87
42 154
61 96
1 50
34 91
61 84
5 62
1 129
3 25
23 32
58 65
34 36
9 132
49 50
59 149
104 139
98 103
3 149
82 121
62 127
9 120
15 23
58 63
43 87
62 159
129 142
133 151
25 128
3 35
77 100
37 115
69 118
109 133
18 90
37 50
78 99
25 55
64 143
9 24
72 133
24 33
9 141
6 11
106 127
37 142
94 151
0 94
7 159
11 22
102 111
66 133
11 74
23 136
90 99
30 92
84 95
0 96
78 89
9 92
32 111
33 139
18 27
59 106
138 148
103 138
126 158
99 116
52 119
88 134
20 109
82 108
20 153
13 63
41 139
74 140
88 156
11 88
109 126
10 41
81 137
10 69
59 84
12 100
31 69
1 136
33 143
63 154
79 116
7 148
0 28
54 113
47 135
104 143
20 25
28 32
64 101
91 97
55 116
67 94
6 117
123 139
0 135
52 117
152 154
75 152
24 92
46 147
39 54
8 49
118 131
24 69
52 87
65 102
29 159
33 69
134 143
25 50
23 74
108 126
5 63
99 119
103 156
71 159
27 33
18 45
67 81
10 140
110 152
3 136
136 149
61 124
117 134
30 146
10 146
49 67
58 61
67 132
74 103
127 147
19 27
11 20
89 138
30 82
36 130
151 153
42 158
18 64
76 93
16 62
88 90
30 69
66 113
57 130
37 94
3 135
42 79
61 127
66 116
55 117
40 136
71 148
6 158
32 124
118 134
66 89
31 131
24 139
120 123
69 129
11 117
53 62
5 111
108 137
142 149
14 46
76 109
50 109
92 153
100 111
5 159
9 26
94 130
90 143
8 25
57 144
96 155
39 70
61 91
49 96
93 139
110 144
37 49
21 53
110 147
120 121
111 150
31 104
137 155
39 158
46 57
46 152
5 50
100 124
49 132
135 137
57 61
79 93
22 109
58 135
37 114
7 47
70 99
122 150
69 72
19 41
40 143
30 127
14 81
0 49
5 97
42 122
118 138
106 122
83 135
71 157
13 145
119 143
9 45
17 118
111 157
8 96
40 126
122 142
104 128
12 36
93 107
6 79
50 142
9 122
43 45
85 92
128 141
22 104
37 124
90 129
147 152
13 153
87 101
21 111
141 158
69 78
84 111
35 145
13 35
8 57
50 126
18 103
13 77
67 136
18 129
122 136
63 91
39 129
87 158
87 90
60 150
117 138
93 109
8 61
71 130
36 127
22 155
23 115
69 112
135 148
84 130
70 137
7 53
140 155
18 89
2 32
79 104
27 76
18 119
26 109
50 78
93 126
55 74
18 25
28 157
15 63
26 92
5 15
44 119
13 49
15 147
57 115
0 115
5 46
3 124
84 110
24 88
108 156
55 90
37 108
34 135
101 109
49 137
117 155
3 61
53 95
83 110
49 58
3 82
14 97
54 133
134 139
62 77
0 159
40 70
19 138
60 127
100 145
27 88
78 103
20 99
39 143
53 125
104 120
96 117
18 33
38 100
18 82
42 54
19 113
74 78
33 133
53 65
3 122
40 138
132 140
104 113
76 85
70 155
19 44
85 86
83 122
51 125
109 143
106 114
117 156
20 126
103 140
39 134
84 124
32 152
17 101
39 66
6 70
72 120
8 59
28 95
25 91
43 143
84 125
46 97
22 143
96 156
33 76
141 143
48 144
99 128
100 144
19 107
46 114
109 153
140 153
32 157
78 96
111 122
11 81
39 74
82 122
9 153
62 95
23 35
19 40
88 112
109 137
66 141
107 138
54 131
42 149
108 122
116 141
57 147
24 85
85 104
91 115
106 145
100 157
22 52
3 75
137 140
22 138
52 69
30 138
103 141
11 18
18 92
108 132
52 104
41 80
87 89
84 115
71 121
40 142
1 144
1 153
108 157
5 82
105 139
8 147
84 159
7 26
58 75
0 32
3 62
98 117
9 81
3 84
35 106
3 96
110 130
12 26
69 134
49 83
64 120
95 159
48 97
94 155
52 143
145 152
70 89
48 147
1 23
19 20
78 126
65 145
4 150
87 155
93 104
54 141
65 67
47 93
23 63
127 154
38 53
25 130
103 134
9 82
0 81
7 91
24 105
109 148
2 38
1 151
72 118
109 122
6 87
17 72
99 113
77 147
90 141
18 66
81 142
0 147
70 128
7 84
6 39
10 92
41 43
98 151
2 154
1 9
127 159
10 27
32 38
93 101
47 108
90 126
19 88
27 101
76 101
6 103
40 69
96 110
60 102
71 95
17 24
18 149
32 58
54 72
1 37
25 39
69 87
78 93
1 128
52 140
15 81
1 108
42 78
49 151
7 62
7 108
65 84
117 122
44 129
88 155
14 91
32 68
121 138
91 122
49 129
90 140
143 158
59 110
42 137
5 7
22 78
94 108
28 29
4 84
77 97
93 98
94 96
81 127
136 144
61 154
132 141
95 111
91 127
86 118
95 122
28 148
14 23
19 30
70 98
35 108
3 137
48 84
5 91
20 138
10 109
62 135
94 158
11 154
82 157
70 133
65 111
30 64
59 83
18 137
71 92
25 109
1 3
11 78
50 106
8 115
10 30
16 36
60 77
8 14
20 69
70 78
70 73
11 50
0 56
10 153
50 153
22 156
0 144
53 145
40 109
94 156
7 56
60 111
55 151
42 67
0 77
58 110
5 136
4 26
132 142
122 126
32 115
73 155
36 65
22 88
4 68
56 68
89 141
32 56
48 59
38 135
122 154
49 78
0 97
13 59
88 140
113 151
73 79
112 151
70 74
22 99
42 117
68 102
63 114
5 125
126 138
106 149
27 47
45 69
114 152
110 115
18 96
45 92
1 93
9 54
0 13
31 121
39 50
40 52
59 114
1 117
92 139
72 92
67 130
92 123
52 98
18 85
14 154
69 76
32 62
72 105
100 106
40 129
50 130
20 143
17 139
34 53
0 60
120 138
18 148
44 126
103 108
73 99
50 136
40 154
55 66
43 80
21 102
72 88
98 143
73 87
59 81
27 82
108 130
24 27
6 134
107 141
32 60
26 120
37 147
15 130
39 149
23 147
50 55
61 75
2 77
15 91
55 143
94 144
79 112
11 13
91 157
151 156
13 97
47 109
130 132
54 138
34 65
18 42
51 95
55 103
8 15
0 59
76 138
3 77
104 109
23 84
54 89
134 138
29 62
61 100
142 147
36 51
63 147
30 150
84 102
91 135
24 123
19 121
28 100
67 144
49 109
122 129
63 135
133 143
90 116
45 105
3 15
36 150
29 91
6 93
76 143
55 113
9 133
38 57
37 65
4 71
35 61
18 87
146 150
146 153
50 154
65 136
11 129
4 125
39 69
38 142
26 30
64 131
1 127
23 37
1 106
9 89
60 84
87 151
1 2
6 98
53 157
30 47
34 95
5 95
55 87
103 128
119 133
114 147
86 143
9 72
118 123
2 25
115 124
99 138
9 155
36 84
67 106
59 145
66 140
2 152
5 65
99 107
88 92
28 130
119 134
73 156
53 124
17 143
12 157
138 140
131 138
51 135
61 63
2 97
17 109
79 140
0 130
6 44
57 110
130 159
62 125
70 103
0 14
36 53
44 54
56 157
10 72
65 152
29 100
3 127
64 153
103 129
4 16
19 70
2 91
92 146
40 149
123 134
30 45
60 130
37 77
92 104
33 93
0 111
78 122
117 129
7 153
104 156
50 137
150 159
90 128
136 137
19 31
38 59
53 91
15 67
75 106
30 140
109 149
140 149
5 23
90 117
43 133
49 108
33 118
25 142
23 135
79 89
13 61
0 83
30 135
41 93
93 122
25 61
130 154
2 46
10 105
42 99
31 41
72 131
127 156
24 143
3 94
17 105
34 122
126 149
42 88
36 159
94 122
22 119
72 76
5 51
34 51
57 75
9 73
101 133
126 132
25 117
4 82
38 124
26 65
30 148
73 109
44 128
42 109
25 155
106 135
55 89
9 20
25 141
9 22
132 156
55 134
91 106
89 133
127 142
130 144
140 148
0 25
20 151
3 59
5 83
96 127
52 141
9 19
23 128
64 105
16 108
24 153
46 115
57 145
3 58
22 69
8 122
71 108
111 130
78 132
50 117
1 70
0 110
112 113
85 88
9 112
100 142
35 83
87 133
11 109
98 112
19 109
75 130
23 110
82 111
101 131
5 36
5 37
77 106
69 104
23 132
27 146
128 138
1 25
112 117
12 135
41 101
33 86
24 86
129 153
25 153
88 133
98 99
8 154
91 154
18 30
91 111
120 134
155 158
1 20
24 131
24 31
130 152
78 129
80 138
20 54
58 59
23 96
18 140
78 88
10 122
4 56
11 103
31 60
135 154
55 98
26 153
103 143
59 135
151 155
61 97
74 142
45 143
1 61
11 94
103 117
1 39
26 29
9 64
66 69
5 124
90 119
13 144
56 111
25 122
42 151
60 108
12 111
107 134
117 140
5 29
58 115
48 91
4 100
65 144
39 81
23 153
128 142
10 148
135 153
110 127
10 80
47 120
2 58
87 156
90 113
28 82
14 38
99 103
6 66
42 104
5 157
7 12
18 93
35 127
25 67
14 122
48 136
154 156
9 42
109 155
3 97
94 103
83 108
112 119
47 150
104 118
17 138
73 119
93 151
16 91
6 107
77 95
47 127
1 13
59 74
22 141
6 89
58 108
51 91
12 60
129 155
51 159
13 81
77 102
3 68
53 84
113 119
6 54
41 138
41 121
25 140
7 32
79 151
48 130
126 142
63 77
0 152
39 96
72 109
14 48
76 86
26 123
38 152
11 73
108 152
151 158
108 135
52 116
0 61
23 130
72 86
50 93
9 134
18 69
44 88
19 119
29 127
88 98
3 111
107 133
61 106
97 115
85 153
9 103
109 116
108 153
141 151
104 155
40 50
25 136
56 125
42 116
14 124
131 153
13 152
18 44
3 56
10 82
8 135
68 135
25 37
69 85
5 84
17 19
46 75
32 127
96 151
34 159
4 62
11 59
95 150
112 158
11 96
12 29
8 110
123 138
106 142
12 148
13 15
39 55
39 52
67 74
74 94
15 58
24 120
138 151
38 96
26 60
31 72
122 137
100 150
18 99
54 92
17 54
12 71
37 127
86 139
87 141
2 142
35 75
104 146
42 129
40 73
49 93
69 99
61 77
19 141
122 153
63 75
105 138
40 81
46 124
100 147
2 108
53 63
66 98
74 132
47 146
8 46
7 130
15 144
35 81
59 97
38 110
70 122
74 83
35 122
82 127
103 112
1 142
70 81
28 153
66 73
127 149
18 131
89 143
91 144
33 45
75 100
23 67
88 149
156 158
73 153
11 70
1 140
19 151
149 158
4 51
44 90
82 159
30 131
32 53
12 121
41 54
110 136
8 142
64 72
15 97
50 67
23 49
49 81
132 158
41 88
58 136
28 77
18 22
20 44
9 71
131 140
18 73
38 63
22 93
103 133
31 120
22 70
24 140
70 143
49 153
29 111
44 116
9 158
27 64
92 148
134 151
2 81
32 34
69 89
130 135
35 152
54 123
80 109
55 79
10 47
123 133
149 156
5 115
18 41
2 124
43 86
110 122
17 18
5 106
93 128
69 141
45 86
65 130
122 132
18 153
31 80
38 77
49 126
101 134
54 117
5 57
11 140
52 89
72 134
0 35
4 5
30 72
13 32
7 100
39 136
0 7
2 13
77 115
6 73
106 132
8 152
94 132
106 144
3 46
71 150
107 109
22 55
13 38
78 119
9 39
39 138
18 105
101 143
60 71
21 28
88 146
66 119
58 154
40 158
5 108
11 137
23 155
0 58
96 136
19 90
37 122
22 129
136 142
148 159
9 156
69 153
33 140
18 101
0 29
5 67
80 140
64 76
75 91
11 126
20 133
69 109
9 18
88 121
93 146
59 94
49 155
4 159
66 143
9 55
46 77
22 151
35 59
1 130
4 111
76 140
77 84
13 83
80 118
15 84
135 150
2 8
86 109
142 152
25 96
18 156
79 107
8 75
111 135
130 136
100 110
12 62
153 156
13 124
22 81
101 123
2 14
70 104
11 19
11 122
67 103
104 107
122 140
93 141
74 137
20 93
50 129
52 138
50 140
79 158
88 119
126 141
9 143
24 134
33 131
6 151
13 135
59 63
47 140
6 155
9 98
121 134
95 102
114 124
53 68
6 104
38 49
55 119
106 124
120 122
51 130
27 138
35 110
60 82
108 129
157 159
60 68
106 136
88 153
44 141
64 138
132 135
28 65
123 140
14 58
46 63
85 93
1 126
25 135
54 107
75 97
148 157
18 126
