37 84 34.7851
134 141 33.0151
76 104 29.1548
107 140 58.0517
88 158 24.0416
34 84 10.2956
69 88 4.47214
13 108 19.8494
61 81 37
45 109 16.4924
8 58 15.6525
134 155 47.3814
8 48 20.6155
39 90 36.6879
35 50 37.9473
62 84 9.84886
126 140 17.8045
56 60 54
9 31 15.1327
18 88 33.541
98 141 44.643
5 48 32.8024
85 109 29.1548
13 25 39.6232
65 114 26.2488
76 80 27.1662
100 125 17.4642
5 150 25.2982
55 73 22.0907
128 136 42.19
70 117 10.198
42 74 32.9848
42 155 12.2066
89 104 15.2315
6 156 57.0701
15 96 46.1736
14 15 13.8924
44 140 23.7697
66 87 26.9258
17 85 20.6155
85 101 24
0 38 19.8494
60 153 56.2228
111 148 52.0384
55 107 55
104 105 24.0832
90 112 16.9706
46 48 13.0384
9 52 58.9406
54 73 26
10 139 51.0392
8 94 48.8365
38 145 30.0167
129 140 31.8904
12 130 13.8924
127 135 1
132 149 7.61577
82 150 25
3 38 21.6333
81 136 8.94427
5 130 5.83095
88 105 23.8537
4 65 34.5398
117 151 2
14 63 24.0832
18 143 52.0096
140 158 19.7231
33 41 22.8473
63 84 23.5372
71 109 56.3205
3 150 26.4197
57 100 21.9317
16 65 18.7883
12 150 8.06226
0 2 17.0294
35 57 44.0114
7 21 30.0666
76 87 26.3059
82 146 27
50 59 26.2488
18 26 54.8179
122 156 40.5216
4 77 48.2701
44 103 18.1108
18 123 12.6491
0 142 30.6757
153 154 42.3792
83 154 8.06226
83 144 39.1152
83 84 58.3095
115 147 13
4 28 6.7082
6 78 43.0465
38 84 21.9317
20 129 34.3657
28 36 30.2655
46 130 47.5395
38 65 15.8114
93 153 22.0227
19 123 35.3553
27 134 20.2485
9 83 55.7315
13 94 31
83 96 9.84886
68 91 32.7567
90 109 32.2025
86 134 22.2036
92 140 11.7047
96 97 56.0803
88 116 31.8277
43 118 6.40312
14 110 20.6155
39 99 43.566
9 43 58.4209
30 60 54.1479
21 60 33.3766
43 123 51.0392
53 77 9.21954
78 104 41.2311
42 90 37.054
59 130 10.2956
78 140 22.1359
2 136 22.3607
92 150 55.0818
49 65 56.0803
53 114 21.1896
45 118 39
119 138 39.3954
94 140 50.9215
132 154 25.7099
53 111 44.3847
52 88 25.2389
150 153 43.9318
74 158 51.788
39 141 8.544
17 92 56.0089
14 37 10.7703
40 89 43.0465
1 103 39.3192
19 116 28.6007
122 151 56.7186
37 154 26.1725
44 158 5.09902
64 85 7.07107
117 128 20
45 54 33.7343
39 142 59.2284
25 44 50.448
40 134 38.4708
12 77 58.3095
24 93 22.6716
43 76 9.21954
0 48 28.4253
51 53 17.8045
37 100 34.9285
0 37 11.1803
88 123 29.6142
97 114 20.2485
87 118 22.0907
27 153 35.4401
70 96 49.2544
22 39 19.2094
14 106 17.4642
134 140 28.1603
25 49 20.0998
94 127 31.0161
25 154 23.7697
1 81 4.24264
8 53 48.7545
42 103 4
43 93 51.1957
78 81 44.0114
61 132 48
14 130 14.8661
89 151 41
78 155 16.9706
35 142 26.3059
102 125 20.6155
0 23 23.8537
32 63 22.4722
40 119 47.0106
26 127 22.8035
73 140 27.2947
101 140 51.1957
65 142 51.6236
11 134 52.9245
81 94 5.83095
118 143 13.6015
34 157 29.1548
72 143 35.3553
9 119 55.0364
24 43 33.2415
1 141 49.0918
6 88 24.6982
112 138 40.3113
91 145 42.0476
12 30 48.1664
40 151 11.4018
54 85 26.0768
136 154 4.47214
31 82 17.4642
79 109 52.7731
39 67 55.5788
22 117 6
144 147 18.868
99 117 37.855
9 30 17.088
40 94 42.19
63 115 16.6433
83 126 50.0899
92 108 55.3263
49 61 26.0768
1 18 46.0977
42 50 46.2709
88 99 20.1246
29 125 25.2982
37 53 51.6236
96 137 22.4722
81 144 53.1507
46 100 18.0278
84 127 45.1774
97 144 13.3417
109 151 10.198
59 152 43.1741
54 158 40.4969
57 84 25.0799
73 116 27.5136
37 96 29.2746
72 138 18.868
31 45 39.0128
58 130 29.1548
75 110 26.4008
37 46 41
19 22 30.0832
135 159 16.6433
51 111 27.6586
15 122 51.0784
37 91 15.6205
17 133 6.32456
26 47 26.0768
114 145 7.2111
137 149 8.94427
47 157 55
85 87 10.8167
73 141 24.6982
53 159 50.636
0 102 44.5533
107 116 13.0384
40 54 56.921
23 154 11
9 74 33.2415
10 33 58.2151
69 117 34.176
21 71 55.0364
18 83 58.0345
26 140 59.5399
20 98 37.5766
74 81 17.2047
12 125 46.8722
63 144 19.799
46 91 36.6197
68 84 12.0416
47 130 53.8516
69 80 7
80 139 14.1421
25 156 20.0998
42 96 51.0098
129 135 54.1202
13 127 11.1803
132 155 19.0263
120 150 44.1814
61 115 45.3982
0 68 38.0789
81 154 13.4164
78 109 21.8403
18 98 50.1597
69 146 45.2769
12 65 43.7379
97 154 53.0377
50 135 25.807
82 135 37.3363
23 61 13.4164
3 5 5.09902
61 114 49.3356
104 140 31.4006
31 47 11.4018
0 21 21.095
17 41 17.2047
60 65 37.855
111 127 28.4253
1 94 8
20 42 21.4709
13 122 25.6125
18 20 25.6125
5 114 49.2443
23 122 21.2132
56 135 57.7062
142 144 38.0526
63 145 20.8806
53 144 37.4833
3 115 43.1741
69 107 29.0689
58 147 9.21954
49 94 15
93 148 47.8017
3 67 29.1548
66 112 7.81025
81 151 49.4773
59 67 18.4391
2 84 42.72
64 118 23.0868
58 97 7.81025
14 135 23.1948
94 141 49.2544
86 131 14.1421
128 134 48.8467
19 55 33.2415
2 74 40.4475
17 86 7.07107
5 96 34
51 157 38.2099
59 100 43.7379
40 93 18.6815
19 33 19.2354
10 71 51.0882
66 79 3
64 88 7.2111
27 87 21.8403
78 151 11.7047
3 102 50.01
50 96 6.40312
63 83 55.6597
19 99 19.2354
30 104 57.2713
0 91 5.38516
89 116 13.3417
89 117 39.0512
42 83 55.5788
5 60 11.7047
52 151 51.1566
120 146 8.94427
22 128 25.0599
61 152 38.2753
3 36 24.2074
79 87 29.5296
13 91 25.6125
52 70 59.0339
58 152 12.6491
2 129 57.4282
40 140 21.8403
44 138 16.4924
130 142 21.9317
1 154 17.4929
42 98 53.3385
132 137 1.41421
132 153 17
52 133 11.0454
103 155 14.8661
23 129 50.2494
11 158 31.5753
3 16 39.3573
66 70 57.7062
37 74 48.2597
31 150 42.19
2 110 32.8938
9 149 26.0768
34 102 21.2132
39 140 25.9615
69 70 44.2719
23 144 29.4279
33 123 54.037
37 67 27.2947
38 106 25.4951
22 66 42.45
20 112 30
72 101 35.0143
15 106 25.2982
32 130 44.0454
74 135 35.0571
99 143 14.8661
75 114 11.4018
85 105 21.095
8 144 16.5529
41 123 33.7343
52 112 14.4222
39 94 41.7732
55 129 27.8568
19 42 45.31
3 47 58.2409
59 108 17.8045
120 135 56.6127
57 152 10.198
141 149 33.2415
0 75 43.4166
18 116 58.2409
73 129 48.6621
20 141 9.84886
127 137 38.1182
4 34 33.0151
3 26 33.1059
47 85 59.0085
76 105 13.0384
55 109 11.4018
10 134 36.0555
26 148 12.1655
138 156 25.7099
18 71 52.3927
77 91 32.0624
18 40 15
53 57 21.5407
41 92 42.9535
96 154 3.16228
39 117 16.1555
85 120 48
52 55 46.0977
122 127 18.6815
68 127 55.3173
3 21 26.9258
19 118 21.2132
80 123 33.1361
4 91 17.4929
20 119 31.257
86 88 21.4709
6 40 42.0476
67 96 2
45 131 18.7883
42 89 46.0977
37 149 58
113 138 53.1413
18 121 21.9545
29 148 48.3735
38 136 48
35 67 30.0832
8 83 36.7151
84 145 22.6716
22 54 43.566
17 88 18.2483
81 130 38.4708
23 46 55.3263
3 34 30.8707
36 91 13.4536
117 126 13.0384
24 104 22.6716
44 104 27.8029
40 104 40.3113
3 81 41.2311
93 112 47.0106
6 133 22.8254
80 85 5.38516
75 144 33.1361
87 93 33.3766
69 90 16.2788
11 90 49.8197
19 69 2.23607
54 112 24.3516
36 102 30.4138
9 126 13
19 146 47.3814
78 90 35.6931
49 135 16.1245
78 87 45.2769
58 77 26.4008
89 156 57.4282
15 83 43.9659
96 129 36.2215
84 135 46.1736
107 117 58.0086
67 83 9.21954
11 127 58.5235
15 35 19.2094
65 159 27.2029
28 30 53.0377
29 51 31.0644
48 115 15.8114
21 36 4.12311
76 134 31.3209
74 151 38.0526
23 156 54.1479
69 103 45.6508
123 153 22.4722
0 34 25.0799
13 84 45.5412
74 127 36.0555
13 147 40.1995
126 154 49.2544
15 37 18.7883
34 100 13.4164
65 68 18.6011
9 123 8.60233
85 143 26.9072
61 147 34.7851
7 77 49.8197
52 78 55.4437
0 82 53.9351
27 143 38.0789
48 124 25.5539
21 68 19.105
87 88 5.38516
95 130 9.43398
89 134 18.3576
61 136 28.1603
42 66 55.2268
13 130 14.3178
69 79 30.0167
59 142 15
83 147 56.5155
5 71 33.7343
121 150 49.366
108 150 9
44 155 30.8707
55 88 27.313
43 139 5
95 127 16.4012
54 104 17.1172
55 128 21.9545
127 144 26.4764
60 135 9.48683
44 137 49.7293
22 116 46.5725
29 84 27.6586
50 151 53.1507
48 135 42.72
46 53 20.2485
18 136 54.3415
23 25 34.5254
18 151 5
71 111 42.4264
28 51 48.0104
44 66 37.0135
96 103 51.0882
0 62 33.5261
10 120 16.1245
12 122 14.5602
0 36 18.4391
128 137 25.5539
32 91 30.4138
98 158 34.7131
34 108 51.788
17 43 6.40312
42 94 39.0128
14 136 41
109 138 8.48528
36 111 9.48683
43 64 18.1108
19 156 54.5711
29 157 9.21954
7 16 42.4264
80 93 34.176
66 99 10.4403
17 93 46.3897
79 88 30.6105
19 45 18.2483
9 70 13.1529
71 82 16.0312
32 95 40.2616
18 43 56.7539
6 112 5
106 115 49.0918
96 142 6.40312
3 57 47.0106
5 25 50.8035
78 134 39.3573
83 149 33.3766
104 129 57.28
1 83 23.3452
79 99 11.6619
2 5 15.8114
5 56 43.1856
32 114 19.4165
44 149 41
11 55 25.9422
24 121 33.0151
0 145 45.8803
76 133 14.2127
26 122 9
54 143 4.47214
14 74 58.0086
48 65 16
44 109 24.1661
27 109 14.4222
9 101 59.8415
35 77 40.4475
71 122 7.28011
20 128 27.2947
88 131 13
44 74 51.923
47 71 24.3311
95 125 30.0832
42 141 11.6619
54 80 20.8087
74 136 20.5913
9 105 57.2713
13 100 45.607
93 105 50.5964
14 142 34.2345
31 153 5.09902
0 15 21.6333
116 133 19.2354
50 141 56.0089
89 93 41.2311
91 96 42.1545
48 152 6.32456
73 88 13.3417
44 93 21.4709
105 134 24.8395
137 154 25
70 153 15.6205
104 133 16.1245
149 155 12.6491
74 128 27.7849
17 134 18.0278
77 144 29.1204
73 126 38.0526
144 145 34.9285
62 65 15.6205
18 19 39.6232
26 91 41
35 144 12.1655
2 100 42.9535
18 86 54.4059
42 128 10
28 31 54.037
87 153 55.1453
99 109 41.1461
3 147 33.541
3 145 49.7293
85 146 40.1995
1 135 33.8378
94 138 54.1295
19 153 56.0803
39 87 47.4342
18 24 28.4253
19 86 15.8114
67 151 59.4138
9 44 29.2062
37 144 14.1421
32 144 26.4764
110 142 48.5077
2 83 18.0278
40 55 12.8062
56 77 6.32456
20 78 17.72
33 101 7.28011
92 109 10.7703
85 139 19
8 23 24.1661
19 24 20.2485
69 128 53.6656
86 133 13.0384
8 100 34.2053
101 118 8.06226
15 32 27.4591
42 73 33.1361
54 86 13.1529
32 48 19.8494
39 133 58.3095
98 133 7.61577
11 87 58.6003
4 127 15.6525
106 154 19.2354
44 70 22.3607
63 108 55.9464
83 127 13.1529
96 130 28.178
37 152 34.4819
27 139 34.1321
81 103 42.0476
9 117 13.6015
56 159 43
61 108 21.5407
16 32 18.6815
19 72 20.1246
11 39 14.1421
29 82 54.0833
28 62 48.0416
11 89 58.1378
112 116 10.7703
96 122 16.0312
124 152 21.9317
81 129 27.0185
87 113 34.7131
33 109 53.1507
122 149 30.4631
2 153 59.2284
38 127 32.311
3 159 9.05539
34 111 18.6815
122 123 57.4282
24 76 42.4264
38 94 59.0085
8 13 19.2354
38 144 8.06226
22 103 17.2047
133 158 39.5601
75 145 5.09902
10 54 55.3173
0 71 38.0789
6 140 42.72
91 130 14.3178
4 12 12.083
69 151 36.0555
3 125 34.9857
104 126 45.3982
116 134 29.0689
94 142 17.4642
65 127 39.0128
50 61 32.8938
13 136 20.025
88 107 31.9531
14 108 33.7343
96 128 43.2897
70 149 20.025
135 152 49.0408
117 143 47.0956
18 52 54.5894
82 92 30.1496
69 73 16.5529
15 114 27.2947
153 155 8.06226
77 130 46.0109
70 158 21.587
35 114 44.9444
92 131 43.7379
36 108 43.4166
90 98 16.4924
92 143 58.0517
124 144 35.1283
21 150 46.0109
18 134 34.1321
46 145 8.544
15 65 18.868
11 42 13.8924
14 53 41.1947
74 91 58.4209
3 100 34.0147
3 157 16.0312
1 8 48.0104
108 121 51.2445
97 100 11.4018
26 108 12.2066
103 116 59.0339
99 126 50.4876
44 153 37.7359
5 110 32.5576
82 140 41.5933
74 153 18.9737
12 159 17
7 36 26.1725
25 70 29.0689
91 142 36.0555
49 149 29.4279
3 4 14.8661
32 135 53
15 135 33.541
113 143 19.2354
129 149 10.6301
65 75 21.9317
53 110 34.4093
73 113 32.8938
51 100 11.4018
71 135 22.4722
44 156 30.6757
50 58 55.0364
122 159 31.257
93 137 38.4708
78 117 12.53
18 141 17.4642
32 75 10.6301
136 155 41
3 130 4.47214
58 122 54.0833
115 145 6.7082
1 149 20.8087
1 91 56.3649
125 157 31.0644
29 150 29.1548
138 155 24.1868
23 38 33.0606
109 129 31.1448
83 142 5.09902
5 8 25.7099
15 48 10
3 13 14.8661
3 63 33.8378
69 138 27.2029
114 144 33.1059
131 146 46.2709
141 153 31.241
93 156 21.0238
48 61 31.9531
88 93 28.1603
87 140 32.0624
27 121 28.4429
22 153 29.1204
57 59 53.3667
75 124 6.32456
65 110 20.3961
7 82 41.0122
64 139 14.8661
26 150 7.07107
140 156 23.3238
49 117 59.0339
8 74 57.8705
23 77 58.4637
64 140 31.5753
13 37 10.7703
90 153 52.3927
18 55 9.43398
4 53 57.4891
38 61 22.4722
28 125 41.5933
25 127 37.2156
45 87 17.1172
54 88 21.2132
13 58 31.0644
9 49 51.788
52 103 57.3149
41 105 16
75 147 18.3848
13 14 21.5407
92 93 12.2066
51 60 47.0956
30 122 34.9285
77 145 17.088
7 34 35.0143
42 44 18.9737
9 66 59.2368
78 79 53.0848
28 127 11.0454
103 137 31.9531
81 153 34.4093
11 40 15.1327
32 51 12.3693
66 103 55.0091
8 114 37.0135
89 119 5
0 125 29.1548
4 122 26.5707
3 12 18.3576
100 108 57.0789
8 91 25.1794
103 122 53.4883
138 141 16.4924
27 54 38.6005
91 152 31.8277
91 100 24.3311
10 43 55.0091
78 142 58.5491
42 134 39.2173
87 92 43.0465
31 109 23.1948
108 120 45.8803
27 123 13.1529
77 124 8.60233
86 105 3.16228
37 110 25.9422
80 101 19.105
138 158 12.083
67 155 43.7379
18 70 7.81025
0 84 28.0179
3 95 10.0499
130 145 54.1202
32 147 18.0278
2 149 50.01
1 11 27.074
40 116 56.0089
49 127 17.1172
8 136 37.855
77 135 55.0818
1 35 45.8803
128 129 7.07107
55 156 22.0227
23 142 9.48683
14 115 32.7567
73 134 10.7703
45 47 48.3735
33 64 21.095
83 100 59.0762
29 108 29.6142
10 24 22.2036
89 107 21.5407
8 130 24.5967
88 151 31.6228
83 130 21.3776
121 153 16.1555
74 154 23.4094
64 123 33
59 115 51.0882
50 91 48.3322
26 71 2.82843
42 49 51.6236
48 67 54.1479
29 102 43
67 110 50.636
87 105 18.6011
0 67 34.9285
36 56 25.7099
108 155 47.5184
92 134 39.6232
2 65 36.1386
73 151 27.1662
27 45 5.65685
64 104 11
33 85 26.9258
26 95 31.257
61 122 28.4605
146 148 33.1361
20 104 29.6985
39 109 25.7099
21 26 53
25 40 35.7351
25 42 31.5753
46 84 21.1896
58 106 28.6356
4 21 28
35 115 40.6079
1 132 18.0278
20 140 27.8568
40 90 34.7131
2 106 1.41421
72 82 56.0803
0 148 48.7647
120 127 57.5674
92 105 58.6941
107 119 19.4165
4 157 4.47214
58 127 35.4683
71 123 55
23 65 43.4166
30 121 10
54 116 19.105
14 61 13.0384
62 91 28.1603
72 87 18.7883
6 19 24.1868
18 74 35.0571
86 87 16.1245
3 110 29.8329
22 74 46.0435
68 77 9
66 138 43.6578
50 108 21.9545
98 138 39.2046
116 151 54.3415
1 158 58.5491
91 114 41.6173
11 44 30.0167
86 101 4.12311
63 97 11.0454
61 144 17.0294
40 44 15.0333
70 93 13.4536
60 159 11
1 109 53.2353
44 55 13.0384
111 159 12.7279
56 130 48.5077
11 25 23.0217
78 137 34.176
98 134 17.4642
108 144 38.0789
116 119 9
21 122 53.7587
1 155 33.121
90 103 37.4833
35 63 30.5287
10 101 56.0357
28 47 45.2769
44 87 33.2415
0 46 39.8246
79 138 44.7772
81 93 53.4883
100 152 18.0278
5 74 49.4975
38 122 50.9215
40 141 7.07107
25 158 50.4876
39 49 55.6597
74 156 21.3776
44 69 32.5576
67 137 24.3516
22 132 43
127 148 34
60 125 41
9 10 8.544
10 64 37.1214
88 109 28
4 130 12.0416
9 40 22.2036
93 116 54.4243
109 141 22.0907
116 117 52.3927
16 68 9.21954
44 133 42.4853
25 149 9.48683
67 108 15.5242
34 130 33.8378
20 66 36.3456
49 91 39.6232
90 151 31.257
101 104 24.8395
84 144 21.0238
77 152 21.9317
29 122 36.3456
6 55 36.0555
31 108 42.2966
56 127 56.7186
6 109 43.566
27 148 58.0345
23 100 50.2195
18 54 54.0833
22 73 19.2354
56 84 12.083
13 96 19
119 158 31.4006
32 36 25.807
6 119 5.09902
26 28 19.2354
28 34 39.0512
20 70 25.2389
40 79 52.0865
48 96 56.1427
6 99 5
57 63 15
51 102 12.1655
19 139 15.6205
4 7 2.82843
0 154 33.6155
130 148 40.4969
20 107 49.3356
35 97 25.4951
50 103 46.0109
8 32 38.5876
69 93 32.3883
15 100 23.3452
26 111 40.1995
50 122 20.3961
61 65 30.4138
94 135 30.0832
19 52 21.2132
100 135 47.0106
55 112 40.8534
0 95 8.06226
87 98 16.9706
93 134 29
87 104 7.07107
110 114 21
94 126 34.5254
69 92 42.0476
53 147 26.4008
107 158 47.3814
12 91 26.3059
90 155 47.2652
25 81 16.2788
24 64 16.1555
48 108 53.4883
123 131 34.5254
95 148 43.4166
44 107 49.2443
122 146 45.7056
39 132 34.4384
116 158 40.3113
31 88 51.0882
5 21 23.7697
142 155 46.1736
1 96 14.4222
94 117 47.5184
16 84 14.1421
38 58 3.16228
112 141 39.2046
39 89 44.4072
82 148 6.7082
127 157 19.4165
65 106 34.9285
11 104 55.0273
27 80 20.025
57 124 18.0278
34 127 42.0595
82 95 49.0918
98 104 13.9284
48 83 53.6004
0 16 33.541
6 128 53.0094
65 135 40.0125
2 147 38.6394
9 50 50.9902
9 104 40.4475
63 152 5.38516
1 38 59.4138
19 73 16.6433
58 96 50.04
114 115 9.21954
14 83 35.0143
12 95 17.0294
86 140 47.0744
43 101 3.16228
54 98 8.06226
69 126 46.8402
55 158 10
28 120 56.3205
115 127 54.9181
108 154 14.3178
56 62 8.06226
136 156 39.4588
31 64 55.0818
46 106 47.8539
58 114 23.7697
4 30 59.0085
73 103 33.7343
47 92 22.8035
32 65 13.0384
119 140 46.5296
88 141 34.0588
50 155 37.9473
131 133 21.2132
81 135 29.6816
65 108 50.0899
100 159 33.9559
30 41 56.3205
56 95 43.0116
20 155 33.6155
29 32 35.4401
15 108 44.2832
34 77 17.2047
85 133 25.2389
81 132 17.6918
9 69 40.0125
19 117 35.7351
61 142 21.2132
42 55 12.083
48 77 23.4307
37 48 28.1603
78 116 57.0088
27 69 20.8806
7 60 4.24264
21 127 37.6962
40 132 33.8378
128 158 27.4591
91 147 28.2843
94 129 24.3311
58 67 48.0416
137 138 44.1022
122 155 40.7922
18 79 55.0273
65 147 16.2788
15 152 16.1245
4 148 37.054
16 28 46.5296
36 62 18.1108
57 106 51.4198
108 127 11.7047
97 142 51.0098
2 94 33.1361
10 143 54.4059
73 117 25.1794
53 130 55.0091
61 130 6.08276
131 143 23.6008
7 65 35.7351
106 147 37.855
127 153 54.1479
18 132 32.249
63 65 20.025
107 112 22.6716
25 108 27.2029
33 134 25
27 93 16.2788
81 109 54.626
23 83 12.8062
117 133 48.5077
36 135 35.3412
139 140 46.3249
59 154 17.2627
126 155 5.38516
82 138 47.8017
20 39 17.0294
13 67 17
72 93 20.6155
1 138 56.3028
11 156 11.0454
52 73 24.0208
4 135 16.1245
6 113 19.0263
93 129 29.2062
99 134 17
98 126 58.0086
3 28 15.5563
93 121 22.6274
122 135 17.72
78 143 54.8179
22 25 45
83 152 59.9083
27 72 4.47214
84 106 41.4849
18 78 15.0333
35 94 43.7379
11 141 22.0227
5 53 50.1597
23 59 6.7082
29 95 5
3 106 9.8995
23 149 43.1045
91 136 43.4626
80 121 48.1664
9 154 56.6127
70 138 17.088
15 124 34.5398
108 147 56.3028
3 152 37.1214
45 104 18.3576
104 121 51.264
35 37 4.47214
119 141 40
20 134 29.2062
86 138 44.0114
96 147 59.1354
88 113 36.8782
138 146 23.0217
89 140 41.5933
75 77 12.083
19 133 14.5602
125 150 53.2353
57 97 19.4165
41 85 5.38516
20 79 36.0555
31 127 53.7587
0 50 42.9535
96 149 29.2746
9 136 53.4883
9 137 31.6228
67 128 45.2769
22 107 52.0096
70 141 15.6205
87 103 46.5296
93 123 9.05539
80 133 20
54 134 20
91 124 39.6232
16 111 25
34 62 9
18 31 20.1246
87 117 35.1141
9 129 26.6271
27 43 38
10 93 13
75 127 59.5399
20 117 19.4165
12 28 5.38516
67 127 18.6011
50 110 57.1402
45 134 14.7648
20 88 31.0644
5 68 41.5933
56 65 18.7883
0 122 35.0571
41 134 16.2788
135 142 13.0384
69 105 19.4165
78 156 15.8114
41 118 24.6982
128 132 24.1868
9 78 22.0907
51 77 10.2956
44 78 16.0312
50 149 25.2982
28 122 19.9249
142 154 3.60555
34 68 14.0357
47 82 8.544
26 159 31.4006
104 138 26.0192
31 85 50.636
64 134 9.48683
5 35 8.06226
72 123 17.4642
125 130 37.5766
39 44 16.2788
5 61 9.84886
1 67 16.1245
20 149 43.0116
38 154 44.0454
106 108 19.4165
93 140 3.16228
55 69 31.7805
128 140 27.8029
137 142 26.3059
55 140 11.1803
40 83 59.439
30 153 9.21954
130 147 38.0132
103 158 19.2354
40 117 12.083
85 121 43.0465
59 137 41.1947
40 137 35.1141
27 30 36.0139
43 69 18.9737
11 132 21.4009
39 156 18.3848
40 78 1
91 159 9.84886
15 59 27.2029
70 83 53.1507
91 110 27.2947
17 104 16.1245
87 120 54.7449
3 142 25
97 108 51.4198
141 156 23.2594
14 152 26.9258
12 34 44.1814
32 37 40.6079
115 135 55.9017
21 108 47.0744
51 84 8.94427
112 143 19.9249
29 71 38.0526
120 131 54.0093
126 134 42.7551
71 93 56.7186
41 64 7
40 122 56.648
26 135 22.0227
1 49 20.8087
4 95 7.2111
74 141 44.2719
60 157 11.4018
104 112 22.8473
44 52 39.8121
56 102 5.09902
105 131 15.0333
138 139 43.4626
53 100 17
48 100 17.4642
49 130 25.318
129 136 35.1283
17 146 59.1354
39 151 15.5242
11 155 14.1421
89 98 11.4018
110 124 31.0644
55 126 16
41 69 11
15 154 43.2897
18 154 57.8705
66 109 51.4781
108 111 35.8469
26 130 28.6356
37 61 4.24264
45 139 30.8058
5 81 44.2945
53 97 25.632
16 130 42.1545
45 88 12.6491
59 122 24.1868
118 140 54.1479
120 148 25.02
93 149 31.6228
97 127 39.8121
90 134 11
78 153 24.8395
26 146 45.0111
54 87 16.7631
36 125 11.4018
46 110 17.2627
80 134 12.3693
41 87 11.0454
142 153 43.4166
49 70 49.163
90 104 9.48683
132 151 35
10 45 21.587
55 78 13.4536
70 94 37.3363
13 137 40.7922
18 39 19.0263
33 105 10.2956
69 139 16.6433
45 72 6
138 149 36.6742
73 90 4.12311
70 156 9
25 59 40.1123
41 140 33.6155
28 84 44.5533
18 120 23.3452
80 87 7.07107
84 97 13.4164
92 138 18.868
117 141 12.1655
47 72 48
40 74 37.3363
73 78 32.0156
16 100 17.0294
21 100 17.0294
43 105 5.38516
31 134 52.345
48 142 51.6236
55 141 11.0454
113 116 5.38516
48 110 5.65685
48 58 6.32456
9 121 14.4222
39 126 15.6525
73 143 22.8035
140 151 10.4403
0 106 15.6205
50 144 49.0306
1 137 18.3576
57 65 25.6125
9 94 42.9535
126 136 45.5412
16 157 36.0555
38 108 44.0114
79 134 27.6586
59 91 22.4722
2 48 35.6931
5 26 32.28
86 92 57.3149
42 132 29.6142
57 114 1
23 91 29.1548
32 61 43.1856
59 129 56.5685
76 118 4.47214
104 151 34.3657
38 81 56.1427
90 158 18.2483
5 100 33.2415
46 135 55.3624
124 130 53.1507
72 85 11.0454
60 100 44.7214
70 109 15.6205
13 149 48.1664
126 137 25.0799
94 154 15.0333
10 121 11.7047
15 38 3.16228
12 21 39.3192
123 143 49.7293
3 91 11.1803
93 133 48
63 130 38.2753
59 147 39.8121
52 109 50.9608
11 83 45.5412
27 140 13.6015
84 100 3.16228
6 90 12.0416
45 140 15.5242
3 37 7
14 57 36.6742
136 151 56.5685
7 111 18.0278
48 49 57.4891
54 69 17.72
73 107 33.0606
3 114 47.927
104 117 32.3883
100 102 17.4929
100 114 22.3607
52 93 50.2195
66 107 14.8661
72 153 39.8497
70 88 39.8497
3 65 27.0185
9 41 41.7612
3 50 37.1618
89 99 1.41421
19 105 18.4391
87 146 46.2709
59 65 36.8782
37 83 25.4951
50 83 15.8114
40 112 46.2709
91 95 10.2956
62 102 12.3693
12 68 58.0775
79 113 9
35 135 15.2971
35 154 28.8617
124 145 11.0454
62 130 42.45
21 95 22.3607
69 113 35.3836
70 132 27.074
33 54 8.06226
33 104 22.8473
99 140 40.2492
87 99 20.3961
6 126 51.4198
67 156 42.2966
93 117 7
135 157 20
108 142 11.0454
5 145 50.3289
23 106 8.544
43 85 23.1948
96 135 19.4165
118 133 9.8995
37 145 48.3735
25 103 32.573
33 43 5
68 130 47.0744
64 69 4
139 146 59.1354
81 122 22.4722
73 128 41.9762
43 134 23.7065
10 138 18.6011
85 138 27.0185
129 154 39.3192
84 157 36.0555
79 90 20.5913
84 150 56.7186
5 12 17.4642
48 63 4.12311
140 146 15.6525
81 96 10.2956
101 138 48.1041
89 113 18.6815
80 146 45.0444
12 51 53.0848
50 128 38.0132
24 80 15.2971
40 49 55.5428
65 115 18.6011
112 140 47.7074
16 56 12.7279
70 87 45.2217
87 116 30
81 83 19.105
80 86 15.0333
13 156 59.2115
120 153 13.0384
83 94 18.3576
3 154 27.8568
20 156 33.1059
8 63 21.0238
103 119 50.04
113 158 45.5412
32 125 20.5913
22 40 15.5563
24 72 2.23607
69 98 17.6918
112 128 57.1402
19 43 17.4642
72 80 16.0312
114 130 52.3927
3 14 10.4403
16 127 50.3289
69 131 10.0499
154 155 44.5533
9 146 7.81025
45 80 16.7631
8 127 27.5862
1 14 53.4509
23 94 26.0192
71 127 23.3238
16 77 16.5529
84 91 23.0217
121 131 49.0102
4 32 47.1275
2 75 55
13 129 55.1453
14 25 59.0085
129 141 25.02
63 67 55.5788
30 85 51.1566
7 150 16.0312
89 103 46.0109
54 118 9.21954
4 47 51.0392
64 121 48.5077
14 77 32.5576
43 54 11.0454
68 125 13.4164
13 74 39.0512
43 140 49.6488
20 22 16.7631
49 136 10.0499
24 146 30.4138
148 153 26.8328
148 150 19.2354
12 108 8.60233
6 138 35.3553
19 85 12.2066
132 138 43.1856
73 98 20.2237
7 95 8.24621
124 147 23.0217
11 149 14.1421
52 99 12.6491
1 122 26.4008
60 122 20.3961
2 130 10.7703
82 91 58.5491
15 145 31.0644
130 149 54.7449
82 109 40.6079
87 128 54.5619
41 109 34.5398
119 128 58
38 75 29.2746
8 145 41.5933
80 153 55.109
51 68 5
81 128 34
37 137 50.1597
25 126 26.0192
37 38 18.6815
15 77 30.8058
109 146 14.7648
60 62 47.1699
12 32 56.7186
104 131 17.0294
77 110 29.0689
38 130 26.0768
22 113 51.923
95 108 24.7386
43 138 46.1736
40 67 56.1427
58 142 45.3982
109 131 35.1141
89 155 56.8858
70 108 55.9017
2 15 25.9615
3 48 30.8869
6 141 35.0143
39 122 57.2713
32 100 6.08276
132 136 22.4722
5 154 30.8869
144 154 40.3113
5 147 35.2278
88 128 49.1935
13 132 41.5933
2 63 37.6431
23 81 23.7697
27 31 35.3553
61 83 22.0907
35 38 18.3576
23 127 10.4403
91 148 53.1507
44 73 17.4929
1 22 55.0818
27 41 20.6155
102 130 53.6004
8 97 23.3238
101 105 3.60555
78 112 47.2652
40 128 11.0454
14 65 17.4642
25 74 2.23607
22 134 24.0416
12 16 51.788
81 141 52
115 152 11.4018
128 156 10.4403
14 49 39.0128
15 115 25.4951
83 91 35.6931
41 104 18
52 158 38.1182
9 11 26.8328
88 89 21.4709
22 126 19.0263
84 152 21
17 80 15.2315
96 108 16.1555
13 75 57.0789
6 9 51
14 127 22.2036
11 153 21.095
37 75 47.0106
9 47 25.632
73 158 14.5602
83 156 44.1814
127 130 8.24621
20 90 21.6333
104 123 34.7851
35 46 40.1622
133 138 42.107
9 96 54.0833
34 150 51
37 97 27.0185
5 148 44.3847
80 104 14
87 112 29.1204
105 143 20.025
121 123 16.5529
137 151 36.0139
1 55 51.923
65 95 27.5136
5 59 15.6205
38 83 44.1475
24 87 18.868
22 44 12.6491
92 133 58.4209
127 136 21.6333
39 88 42.2019
17 140 45.0999
69 123 33.2415
37 130 9.84886
98 116 13.4164
31 71 33.1361
20 116 40.1995
66 134 25.4558
104 141 34.4819
69 156 52.8867
20 103 19.9249
11 135 57.5674
144 152 22.4722
29 130 12.8062
90 156 48.0416
94 128 31.4006
60 120 57.5587
55 133 45.7056
2 135 9.43398
51 127 50.448
21 157 24.0832
3 51 38.8973
0 65 22.0907
55 93 8.544
18 158 19.4165
39 116 57.0789
121 140 21.4009
39 73 33.2415
58 91 21.095
28 108 13.8924
125 135 46.6154
58 84 20.8087
78 83 58.4637
36 77 25.9422
9 90 39.9249
81 91 52.3927
37 58 21.8403
5 28 13.4164
134 146 43.1741
59 153 58.0517
39 112 47.0106
5 32 39.3192
12 146 59.1354
96 126 46.3897
0 53 46.0435
50 74 19.105
84 147 19.2354
21 34 5.09902
15 57 26.3059
97 152 10.8167
5 14 12.0416
19 112 27.8927
98 119 12.3693
48 75 21.1896
103 153 22.8035
65 83 52.0865
67 122 16.2788
79 98 14.1421
3 148 44.9444
7 28 4.12311
58 100 19.105
95 135 17.2047
90 138 24.3516
3 74 48.0416
22 87 29.5466
30 71 32.0156
22 42 15.2315
17 123 47.0956
87 109 33.0606
89 112 7.61577
51 65 14.8661
18 112 50.1597
5 94 44.9444
97 136 57.1402
11 142 45.1221
80 92 42.2966
46 65 21.4009
25 138 45.1774
127 152 48.1041
9 67 55.9732
74 122 19.3132
79 119 5.38516
66 158 36.2215
7 102 56.0357
21 130 29.5466
3 53 51.0098
17 33 7.07107
32 159 40.025
19 89 20.3961
108 148 22.4722
5 34 28.1603
82 120 19.4165
50 132 20.2485
61 135 10.7703
20 40 16.7631
40 156 16.6433
55 94 50.3587
54 103 59.4811
40 66 52
5 122 31
9 139 54.9181
2 49 21.8403
21 135 38.6264
139 143 18.0278
133 141 49.7695
8 65 29
117 119 43.6807
31 123 22.2036
70 79 58.2495
38 46 22.3607
65 96 57.2713
19 39 47.7074
26 157 29.0689
8 38 13.6015
19 80 8.24621
43 104 22.2036
53 115 14.2127
21 159 22.561
21 56 21.587
93 138 6.7082
45 76 43.0465
52 107 9.48683
4 108 20.5913
39 153 28.0179
108 125 54.8179
55 81 54.1295
31 92 13.0384
32 110 25.4951
49 142 7.07107
81 140 55.5428
44 89 28.1603
98 113 17.8045
48 145 21.095
37 59 9
62 68 5.09902
39 104 42.9418
28 150 12.1655
0 124 44.2832
40 155 17.6918
88 129 55.1543
34 56 16.4924
48 106 34.9285
63 124 27.0185
18 72 26.4008
103 132 30.6757
8 108 38.4187
17 64 14.3178
49 59 20.6155
68 100 13.6015
87 107 28.178
117 137 38.0132
44 117 15.6205
93 143 47.1699
67 154 1.41421
110 135 40.7063
14 32 30.1496
31 122 35.2278
112 134 25.9422
19 66 25.5539
94 136 11.0454
3 29 11.6619
8 84 35.3836
54 101 14.1421
32 102 13.4536
9 142 57.7235
100 130 38.0132
44 94 57.2189
63 136 58.4209
87 126 47.8017
86 104 21.2132
81 106 32.28
103 154 54.1479
99 155 55.7315
142 156 45.0111
98 109 46.0977
75 115 5.38516
35 124 47.0106
15 136 47.0956
10 131 38.1182
52 134 22.8254
59 124 58.2151
120 140 24.5967
5 127 13.9284
49 144 43.1045
140 141 22.0227
137 158 49.6488
13 23 5.09902
10 85 32.0624
3 132 51.1566
97 145 21.587
32 57 19.2354
80 143 21.9317
77 127 54.0833
74 149 11.1803
55 155 21.095
150 157 22.2036
63 127 44.2832
93 94 49.0408
137 156 19.2354
13 154 16.0312
42 140 18.3576
64 93 33.2415
32 59 49.4975
16 29 30.0832
79 103 55.1453
1 59 34.176
112 133 24.0416
45 123 17.1172
23 57 58.6941
72 140 18.0278
32 145 15.2643
16 60 45.8912
85 134 14.1421
130 157 14.3178
55 137 41.0488
36 71 51.0882
2 127 8.94427
71 153 34.9285
69 143 17.4929
2 57 52.1728
25 106 42.107
44 113 46.0435
24 41 15.0333
30 109 25
47 122 28.2312
54 76 13.4536
121 148 30.1496
3 8 21.1896
106 152 41.2311
9 25 32.8938
65 124 22.2036
69 121 49.2443
11 128 4.12311
0 3 5.83095
103 136 50.04
53 56 10.6301
39 98 53.1601
103 149 23.0868
83 153 41.4367
93 99 39.9249
91 94 53.4509
68 95 41.0488
44 134 26.8701
0 5 4.47214
116 140 54.626
39 155 20
12 82 32.249
5 49 30.8058
17 76 13.3417
31 138 30.3645
6 22 33.6155
15 61 22.8254
19 131 11.0454
79 143 17
22 94 53.4603
30 93 26
55 104 29.6142
14 35 8
84 108 56
0 100 29.0689
12 153 50.2494
63 106 37
77 125 19.2094
49 128 45.2217
2 115 50.04
127 132 39.2046
71 91 42.5793
28 111 22.1359
33 88 25.318
3 49 29.0689
47 123 31.257
38 115 24.0832
55 70 13.0384
62 111 27.4591
35 130 7.81025
84 114 25.4951
15 142 41.7732
64 87 4.12311
45 138 14.1421
14 94 51.6236
107 143 11.7047
5 58 26.9072
145 147 18.1108
28 68 53.0094
1 74 18.3848
2 122 25.5539
28 135 11.1803
70 90 39.0512
48 114 17.4642
87 139 15.8114
135 149 45.5412
37 63 30.4631
67 126 48.3735
101 139 5
55 138 5.83095
87 138 28.1603
5 38 24.0416
39 42 9.21954
20 137 51.8652
20 74 54.0833
64 86 15.5242
0 63 31.8277
52 90 20
4 36 24.0208
11 49 41.7852
38 91 18.7883
93 155 18.9737
3 32 40
27 85 15.2971
33 138 48.0521
32 97 15.2643
78 133 56.921
14 144 4.47214
87 134 6.40312
1 156 30.8707
121 146 6.7082
14 84 24.0416
28 56 55.0364
0 51 33.2415
76 131 26.6833
25 83 24.0832
61 145 51.788
50 156 36.1386
76 88 31.5753
87 121 50.2195
19 120 55.9017
18 142 59.4138
27 92 22.3607
20 113 45.0444
19 101 19.7231
29 34 22.2036
10 31 18.9737
45 101 35.6931
130 137 46.2709
23 50 19.6469
70 151 8.24621
2 144 22.2036
40 98 51.1957
80 131 3.16228
48 53 28.8444
23 108 16.1245
81 117 51.4198
7 125 37.4833
13 106 5
35 74 50.01
30 123 23.0217
74 130 44.1814
115 130 47.5395
39 79 53.0094
37 106 7
61 67 25
78 94 41.1947
10 123 5
27 104 23.8537
41 131 1.41421
32 84 8.06226
103 151 11.6619
93 119 46.0977
54 64 19.2354
21 125 8.06226
72 121 32.1403
35 147 30.4631
82 130 45.3542
23 152 48.5077
16 53 23.3452
74 108 25.7099
96 144 43.4166
2 96 21.2132
33 87 20.0998
88 103 41.1825
88 101 25.4951
93 131 36.2491
78 154 56.2228
60 91 20.3961
19 54 15.5242
94 106 34.2345
105 109 49.7293
83 136 11.1803
14 145 39.2938
19 79 28.178
20 52 39.8497
21 29 17.4642
97 130 32.573
87 143 16.6433
9 27 21.1896
5 102 48.2597
42 126 7.07107
29 68 36.0555
14 67 37.855
38 50 52.0865
48 127 41.7852
18 133 53.0848
53 58 33.1059
9 150 57.3149
10 86 52.0096
65 150 51.4198
40 96 54.1479
147 154 56.2228
32 77 3.60555
117 132 37
90 107 29.1548
11 93 28.2843
9 99 48.8467
43 72 34.0588
66 90 19.3132
54 109 49.0918
31 135 52.7731
9 128 24.3516
117 153 23.4094
67 147 57.1402
24 101 34.0147
7 135 13.4164
3 108 23.3452
30 80 56.0357
122 130 26.1725
33 72 37.4833
35 136 33.2415
98 140 45.1221
41 133 22.6274
47 60 46.5296
18 122 53.2353
61 74 45.0444
35 49 31.0161
9 17 54.037
3 23 18.0278
25 78 34.7851
40 42 5.83095
67 91 40.3113
37 132 51.0882
33 80 21.587
81 149 21.9317
24 30 41.3038
18 155 13.3417
54 93 49
113 134 34.2053
19 78 45.6508
128 153 20.8806
36 100 20.5183
32 106 47.5184
29 77 36.6742
36 68 23.1948
42 136 50.04
63 142 53.3667
27 86 35.0571
48 154 53.2353
19 92 44.1022
8 37 14.7648
8 67 35.171
54 79 21.095
83 128 49.0408
45 121 33.2415
22 98 39
19 64 5.38516
59 96 20.3961
70 134 40.025
6 18 45.31
79 141 45.0444
24 109 20.8087
71 146 43.0116
24 133 34.4384
149 154 32.1403
141 155 23.8537
93 158 17.8045
2 35 11.1803
38 67 45.0111
54 140 48.0937
10 19 39.8121
36 60 29.6142
5 142 27.7308
115 144 28.4429
13 115 52.0096
53 106 58.5491
109 118 55.1453
46 144 28.2312
50 70 44.911
23 58 36.1248
66 88 28.3196
53 102 9.21954
55 153 26.5707
129 156 9.84886
109 123 6.08276
109 128 27.2029
43 109 50.636
30 134 53.9351
15 46 23.0217
97 106 34.0147
49 110 54.7083
39 40 4.12311
29 56 38.0132
18 109 7.81025
104 158 24.1868
111 125 20
16 34 8.60233
0 12 21.8403
38 147 12.3693
74 106 41.3038
44 79 37.054
106 110 32.311
92 122 48.2597
119 126 56.0892
44 98 37
17 131 15.8114
19 103 46.9574
35 91 11.3137
0 136 38.0789
8 77 41.8808
93 103 18.7883
20 132 50.5964
10 133 54.3415
73 149 55
155 156 3.16228
42 93 15.2643
21 84 14.1421
24 118 38.833
40 87 44.4185
26 93 59.0339
117 136 58.5491
110 145 25.7099
13 46 50.2494
66 104 21.9317
12 120 51.6236
134 149 59.8415
74 129 21.4009
113 141 54.037
45 146 29.1548
108 159 24.5153
39 78 4
58 145 27
129 158 34.2345
95 100 34.2053
16 21 12.6491
135 136 20.8087
9 140 9.05539
88 120 50.2195
61 149 55.0818
126 153 12.7279
14 100 24.3311
125 127 45.6946
60 95 11.0454
12 47 40.6079
61 94 38.6394
129 134 55.0273
94 153 29.1548
91 108 33.0151
127 150 17.0294
41 45 18.3576
78 149 25.2982
14 59 19.4165
52 66 7.28011
47 121 16.2788
87 131 10
16 51 6.32456
108 149 36.6879
54 78 57.8705
21 65 13.6015
57 77 22.0227
35 53 49.163
67 142 5
31 140 24.1868
42 112 50.01
2 114 53.1507
67 70 51.2445
88 126 42.45
12 31 49
122 144 45.1221
81 156 32.573
30 88 52.469
99 156 56.3205
11 67 41.4367
58 124 30.0832
6 116 14.0357
103 109 21.5407
134 153 51.0098
54 119 20.2485
25 151 37
28 60 2.23607
59 127 7.61577
66 93 50.3289
34 60 38.2099
74 96 21.0238
39 103 5.38516
99 158 26.0192
82 93 41.2311
64 92 42.0476
14 147 23.3238
9 109 8.06226
20 87 35.609
1 78 41.1947
18 146 15.2643
91 102 39.3192
65 122 57.1402
36 157 20.025
99 141 35.2278
18 47 31.3847
10 88 34.2053
15 127 32.6497
39 137 35.7771
0 26 36.6879
27 118 43.1856
8 35 17.72
25 137 1.41421
2 23 7.28011
25 94 10.6301
22 112 38.4838
41 120 53.0377
29 135 21.4709
90 149 59.0085
84 142 58.0517
50 81 4.12311
7 51 44
81 138 58.2409
49 103 52.3927
13 57 53.6004
79 117 49.0408
0 114 44.7772
68 159 41.1096
125 159 30.3645
30 31 4.12311
11 138 31.0644
98 107 13.0384
96 106 22.3607
70 136 48.3735
117 149 30.1496
74 93 40.3113
31 93 23.7697
99 104 13.9284
82 123 39.0128
88 139 21.095
39 93 22.8035
7 71 25
129 138 32.6497
22 140 11.1803
66 78 53
9 85 36.4006
16 125 5
5 135 14.8661
93 136 59.9083
122 128 46.9574
108 136 17.4642
5 77 41.0488
53 152 25.4558
92 121 10.8167
2 59 1.41421
10 104 39.5601
68 111 32.5576
0 157 14.3178
15 110 7.2111
16 95 34.9285
58 83 47.2969
72 139 30.0167
11 151 22.2036
19 155 52.9528
127 155 58.0775
22 158 8.60233
23 114 59.6825
66 117 48.2701
88 104 6.40312
135 156 56.3205
93 132 37.6563
93 113 59.808
19 87 1.41421
6 52 15
59 77 51.9711
89 109 42.4853
28 159 12.1655
13 110 33.9559
89 158 27.074
94 137 12.0416
76 139 13.9284
46 61 44.643
88 118 27.2947
9 93 8.94427
69 116 30.6105
22 137 44.0114
78 158 17.4642
3 60 13.4536
49 63 59.4811
22 90 23.3452
42 133 57.4891
6 42 45.5412
11 69 57.6975
53 75 9.84886
130 150 21.9545
47 148 14
59 136 21.587
2 137 42.2966
20 94 58.6941
52 54 11
41 153 56.0446
24 82 57.2189
88 138 22.8035
24 54 35.3412
24 45 8.06226
18 67 57.0701
37 135 14.7648
36 95 18.6815
55 99 34.7131
56 100 12.8062
122 148 16.2788
19 143 15.2643
45 93 17.4642
35 96 32.0156
92 120 13.0384
10 17 51.3517
7 127 13
4 29 11.7047
5 152 38.833
49 154 8.544
67 78 55.1453
43 88 23.4094
116 143 15.5242
95 157 6.32456
86 93 48.7647
71 120 35.3553
47 138 41.2311
74 138 46.0435
42 81 42.4264
18 117 6.40312
68 157 43.1856
57 91 40.8044
23 48 42.2966
12 84 49.2544
105 123 49.4975
27 105 36.3456
91 150 33.9559
135 155 57.0789
9 80 40.7922
80 120 53.0377
9 148 39.0512
83 103 56.2939
44 112 31.257
100 115 13.6015
109 156 22.4722
134 156 48.8365
20 55 17
26 31 35.3553
13 65 38.8973
94 149 17.4642
15 50 51
109 132 38.3275
14 114 37.5766
26 82 18.0278
18 49 54.037
42 142 56.0803
81 155 34.5398
5 16 36.4006
1 15 58.1378
37 81 39.0512
73 138 20.2485
40 133 55.9732
27 120 33.1361
51 62 1
104 134 3.60555
100 127 46.0109
4 60 7.07107
135 147 45.5412
69 119 26
110 154 49.8197
69 158 28.3196
77 111 35.3412
1 44 57.0789
11 136 38.3275
58 81 59.0762
5 144 16.4012
128 154 46.3897
74 109 40.7922
19 134 6.40312
16 150 58.2151
57 58 22.8035
109 134 29.1548
5 13 19.4165
97 122 58.4637
31 148 24.0416
89 126 51.6236
78 141 8.06226
9 151 12.53
121 122 44.2719
13 48 37.2156
136 153 39.3954
131 134 15.5242
108 146 52.7731
44 132 48.5077
75 84 18.4391
7 122 24.0416
32 35 38.1182
104 116 25.4951
126 128 11.4018
0 8 23.0868
20 73 19.105
45 85 13.0384
122 157 31.0161
9 86 55.7315
22 89 33.2415
18 138 11
59 144 23.0868
2 145 56.2228
1 5 48.3735
26 36 49.0102
39 154 56.7186
10 18 15
28 91 21.8403
109 119 47.4131
35 65 25.318
8 81 45.1774
129 137 19.2094
46 59 49.8197
65 100 7
3 71 34.176
138 153 28.2843
66 151 50.2195
45 82 56.0803
83 97 52.345
72 104 21.9317
89 128 54.0833
99 151 39.8121
129 151 23.7065
77 114 22.0907
88 143 20.2485
85 140 28.2312
41 146 45.3982
0 57 43.909
143 151 49.0918
9 138 15.6525
18 80 39.9249
23 97 42.0476
3 7 13.8924
65 154 54.1295
112 126 56.0446
113 117 57.7235
109 158 20.2485
42 69 43.8634
18 104 37.0135
128 151 18.4391
0 108 28.0179
128 155 13.1529
65 125 17.2627
29 65 22.8473
91 125 23.8537
22 133 42.5793
90 93 31.0161
74 126 27.1662
18 81 47.7598
137 153 17.4642
93 118 55.4437
10 87 38.6394
17 27 34.3657
108 128 52.9245
42 156 11.7047
39 119 48.0937
45 133 32.7567
97 147 7.61577
10 26 53.0094
59 61 6.7082
54 66 18.1108
97 135 40.7922
133 139 14.1421
39 128 10.4403
7 29 13.1529
67 129 38.2099
96 132 23.0868
38 97 9.84886
79 133 21.0238
37 57 44.643
109 139 47.2969
105 118 11.4018
109 140 1
78 136 52.0865
140 143 46.5296
119 151 45.607
54 151 51.4781
26 34 58.0086
67 97 54.0833
9 108 57.0789
0 127 17.2627
129 132 17.8045
21 62 14.0357
55 149 33.0606
77 159 41.4367
80 105 16.4924
34 125 5.38516
9 88 36.0139
19 104 6.32456
37 136 30.4138
135 144 27.4591
74 117 40.05
67 153 41.7852
96 153 39.9249
97 110 11.7047
2 61 6.40312
64 80 3
18 94 43.4166
70 154 52.1536
106 137 43.1856
103 126 10.2956
39 83 59.4811
69 120 53.7587
65 97 9
50 94 8.06226
105 140 48.7647
137 141 42.0595
41 72 16.2788
103 142 56.4358
14 96 39.8121
47 153 15.6205
17 45 30.0167
102 157 50.3587
19 93 34.2345
70 129 15.8114
30 120 5
73 133 25.0799
0 1 50.9902
109 120 23.7065
63 110 5
73 112 20.6155
58 144 10.6301
63 100 20.8806
69 101 21.0238
71 140 57.3149
23 137 35.6931
73 93 26.9258
19 128 55.0364
0 150 29.7321
15 75 30.8058
9 87 41.0122
69 133 16.7631
18 139 53.7587
78 138 19.2094
83 155 45.0111
54 70 59.6825
6 69 25.4951
20 158 9
22 149 36.1248
16 135 51.264
7 31 58.0775
11 99 57.2189
44 99 27.2947
72 146 29.1548
49 97 56.3205
99 133 18.6011
81 108 25
42 143 55.7315
13 50 24.3311
59 75 56.0089
85 123 28.4429
83 137 25.02
83 129 42.0595
128 149 16.6433
106 130 9.48683
54 139 14.3178
17 69 14.0357
15 53 37.5766
40 99 42.107
22 79 43.3244
2 37 8.06226
14 50 45.607
21 32 22.0227
48 57 16.4924
134 158 22.8035
50 127 26.6271
109 121 20.6155
8 50 41.3038
44 151 16.9706
123 146 12.0416
77 157 44.9222
127 129 55.0818
42 119 50.3587
70 126 3.16228
60 148 32.7567
19 126 48.5077
0 4 14.8661
21 77 21.9545
2 53 59.6825
11 23 53.4603
26 121 42.2966
62 100 12.3693
20 89 27.8927
31 146 10.7703
109 117 10
45 153 38.4708
74 155 22.0227
43 131 17.4642
24 47 49.0408
2 67 19.2354
28 71 21.0238
36 122 50.01
35 84 31.7805
54 99 19.2094
7 68 49
15 94 58.1378
114 127 59.1354
55 132 40.0125
85 131 6.08276
24 138 21.095
3 144 14.8661
65 77 15.1327
8 106 19.105
83 106 18.6815
46 127 54.4059
61 137 47.0106
67 149 31.257
31 87 56.0089
49 122 7.07107
103 104 42.72
19 76 25.4951
40 103 3.16228
13 142 14.5602
25 93 39.6232
69 86 17
63 96 57.5587
35 48 27.7308
54 55 46.6905
82 153 20.1246
40 88 39.1152
6 20 26.1725
3 83 25.0799
53 61 54.231
57 135 59.1354
126 151 11.0454
102 159 48.0104
81 126 38.6005
54 90 22.8254
80 88 9.84886
64 109 32.5576
25 132 2
38 48 9.48683
27 133 37.6431
69 140 31.0644
126 129 14.1421
27 131 21.3776
65 157 31.7648
70 119 52.9528
8 124 45.6946
21 51 14.1421
70 112 52.8867
131 139 13.0384
29 60 16.0312
73 104 10.6301
149 153 13.6015
104 153 54.0833
104 119 19.7231
42 87 44.7772
133 140 47.0956
40 153 25.4951
1 40 42.19
11 108 49.6588
16 159 35.171
107 113 13.1529
2 50 26.9258
0 74 53.2353
118 139 11.4018
64 146 45.0111
29 36 13.9284
64 133 18.3576
13 114 54.5894
35 58 21.4709
19 98 15.5563
16 102 16.1245
25 129 19.4165
42 138 17.2047
69 155 51.1957
6 143 18.868
30 87 57.2189
35 100 32.249
38 114 26.9258
108 110 51.4296
78 128 10.0499
41 143 25
73 89 14.3178
44 143 39.9249
19 158 29.2062
62 157 38.1182
51 56 7.61577
67 135 17.8045
18 128 19.4165
9 131 42.45
105 133 16
149 151 28.1603
93 120 25.2389
41 86 15.2971
12 127 9.84886
2 132 43.1856
126 156 6.08276
61 110 30.0167
133 134 19
19 140 33.0151
87 119 25.632
86 123 48.1664
90 133 21.9545
41 76 27.8927
15 49 47.8017
70 142 54.0093
56 91 34.2345
7 157 7.2111
42 70 4.47214
65 91 17.4642
32 46 16
83 132 26.0768
42 108 58.6941
14 75 37.3363
89 90 10.2956
52 79 10.198
70 140 16.2788
57 127 58.1893
52 113 12.2066
153 158 36.2491
42 153 19.799
5 75 47.8017
21 91 15.8114
78 98 52.1728
113 133 22.4722
116 138 47.7598
4 102 54.1479
109 112 48.5489
117 158 13.0384
25 35 51.0098
85 118 28.8617
45 120 37.6563
7 30 57.0088
54 105 16.0312
88 117 29.7321
87 123 34.2345
45 64 16.1245
49 156 40.1995
94 109 49.98
49 106 22.561
59 132 42.107
29 53 45.8912
30 108 41.9762
2 3 11.3137
106 129 58.5491
49 74 19
138 143 41.0122
1 42 40.025
99 112 8.94427
123 148 45.1774
46 58 19.2354
97 124 22.8035
18 50 51.2445
42 52 57.0351
17 87 13.0384
42 154 54
61 96 26.9258
1 50 8.06226
34 91 19.6977
61 84 36.8782
5 62 36.8782
1 129 24.3311
3 25 49.163
23 32 55.9017
58 65 15.2315
34 36 9.21954
9 132 31.0161
49 50 13.9284
59 149 49
104 139 21.2603
98 103 53.9351
3 149 58.4209
82 121 24.7386
62 127 50.6952
9 120 16.4012
15 23 32.3883
58 63 9.21954
43 87 18.0278
62 159 36.2215
129 142 41.7732
133 151 50.4876
25 128 25.9422
3 35 3.60555
77 100 8.24621
37 115 42.107
69 118 23.0868
109 133 48.0937
18 90 34.9285
37 50 34.9285
78 99 43.1045
25 55 42.0119
64 143 19.8494
9 24 27.313
72 133 34.5398
24 33 36.8782
9 141 25.0799
6 11 57
106 127 8.60233
37 142 24
94 151 45.5412
0 94 48.0833
7 159 8.544
11 22 29.0689
102 111 39.8121
66 133 18.0278
11 74 25
23 136 15.1327
90 99 8.94427
30 92 14.3178
84 95 32.5576
0 96 36.7696
78 89 44.0454
9 92 3.60555
32 111 34.9857
33 139 9.8995
18 27 22.0227
59 106 2
138 148 54.4059
103 138 19.799
126 158 24.7386
99 116 14.5602
52 119 10.6301
88 134 3.16228
20 109 28.2312
82 108 26.5707
20 153 40.8044
13 63 38.833
41 139 14.1421
74 140 41.7732
88 156 48.5077
11 88 53.2259
109 126 17.0294
10 41 37.2156
81 137 17.6918
10 69 37.6563
59 84 43.4166
12 100 50.636
31 69 55.0091
1 136 13.0384
33 143 12.53
63 154 54.7449
79 116 4.47214
7 148 35.2278
0 28 17.8885
54 113 22.1359
47 135 45.8803
104 143 15.1327
20 25 52.4976
28 32 52.1728
64 101 19.6469
91 97 21.4009
55 116 49.2443
67 94 14
6 117 39.2173
123 139 47.2652
0 135 18.2483
52 117 49.163
152 154 59.4138
75 152 16.6433
24 92 28.1603
46 147 10.0499
39 54 59.2368
8 49 40.2492
118 131 23.4094
24 69 18.0278
52 87 22.6274
65 102 23.7697
29 159 5.09902
33 69 21.095
134 143 18.4391
25 50 18.6011
23 74 33.9559
108 126 52.7731
5 63 36.1248
99 119 6.40312
103 156 13.6015
71 159 33.1361
27 33 41.1947
18 45 23.2594
67 81 12.083
10 140 10.8167
110 152 10.198
3 136 32.311
136 149 28.4429
61 124 52.0384
117 134 29.8329
30 146 11
10 146 8.24621
49 67 9.21954
58 61 25.632
67 132 25
74 103 34.176
127 147 44.5982
19 27 23.0868
11 20 31.1448
89 138 34.5398
30 82 16
36 130 26.4197
151 153 21.5407
42 158 19.0263
18 64 38.8973
76 93 59.6825
16 62 5.38516
88 90 14.0357
30 69 56.2228
66 113 9.48683
57 130 51.4781
37 94 41.1947
3 135 13
42 79 55.5788
61 127 9.84886
66 116 4.12311
55 117 3.16228
40 136 53.0848
71 148 10.7703
6 158 26.6833
32 124 9.21954
118 134 26.9258
66 89 9.21954
31 131 56.7186
24 139 29.0172
120 123 20.6155
69 129 59.6154
11 117 23.8537
53 62 18.4391
5 111 15.8114
108 137 27.8927
142 149 34
14 46 32.6956
76 109 59.3043
50 109 57.9396
92 153 13.4164
100 111 29.4109
5 159 4
9 26 50.4876
94 130 39.2173
90 143 19.3132
8 25 58.2409
57 144 32.2025
96 155 41.7732
39 70 13.6015
61 91 15.8114
49 96 9
93 139 48.0833
110 144 16.6433
37 49 29.4279
21 53 30.8707
110 147 8.06226
120 121 5.38516
111 150 33.3766
31 104 55.5788
137 155 20
39 158 18.7883
46 57 4.24264
46 152 7.07107
5 50 40.3113
100 124 15.2971
49 132 22.0907
135 137 37.1214
57 61 48.3839
79 93 51.4781
22 109 11.6619
58 135 36.4006
37 114 45.607
7 47 49.163
70 99 47.3814
122 150 10.6301
69 72 17.8885
19 41 12.1655
40 143 53.8516
30 127 53.6004
14 81 49.7293
0 49 34.3657
5 97 29.0689
42 122 52.2015
118 138 50.01
106 122 25.9422
83 135 12.1655
71 157 31.257
13 145 58.0345
119 143 15.8114
9 45 24.1868
17 118 9.05539
111 157 11.1803
8 96 37.108
40 126 12.8062
122 142 13.4164
104 128 50.9215
12 36 35.5106
93 107 58.5491
6 79 10.0499
50 142 12.8062
9 122 50.04
43 45 34.2345
85 92 37.6563
128 141 18
22 104 26.4764
37 124 49.2544
90 129 52.469
147 152 3.60555
13 153 57.9741
87 101 20.1246
21 111 13.6015
141 158 10.2956
69 78 44.4185
84 111 26.9258
35 145 47.0744
13 35 14.4222
8 57 36.0139
50 126 42.2019
18 103 14.3178
13 77 53.8516
67 136 3.16228
18 129 23.4307
122 136 17
63 91 30
39 129 17.4642
87 158 29.0689
87 90 16.4924
60 150 13.6015
117 138 7.2111
93 109 3
8 61 18.868
71 130 29.7321
36 127 34.4384
22 155 24.0208
23 115 57
69 112 29.4109
135 148 33.121
84 130 37.054
70 137 28.1603
7 53 59.0339
140 155 21.0238
18 89 44.9222
2 32 48.6621
79 104 24.2074
27 76 47.0425
18 119 49.6488
26 109 58.5491
50 78 48
93 126 15.2643
55 74 43.1045
18 25 34.2345
28 157 11.1803
15 63 11.7047
26 92 48.1664
5 15 25.6125
44 119 32
13 49 21.0238
15 147 13
57 115 9.05539
0 115 39.2173
5 46 44.2945
3 124 49.0408
84 110 25.0799
24 88 16.2788
108 156 47.0744
55 90 26.1725
37 108 25.4951
34 135 43.0116
101 109 52.1728
49 137 21.0238
117 155 18.0278
3 61 5
53 95 50.8035
83 110 50.9215
49 58 51.1957
3 82 49.7293
14 97 17.72
54 133 1
134 139 22.0227
62 77 11.1803
0 159 7.2111
40 70 10.2956
19 138 28.8617
60 127 9.21954
100 145 19.799
27 88 17.8885
78 103 2.23607
20 99 27.2029
39 143 55.9732
53 125 27.0185
104 120 55.3624
96 117 59.4138
18 33 58.8558
38 100 20.6155
18 82 37.3363
42 54 58.4637
19 113 33.3017
74 78 36.4006
33 133 8.60233
53 65 24
3 122 30.4138
40 138 18.6011
132 140 39.2938
104 113 30.6105
76 85 32.3883
70 155 8.544
19 44 33.2415
85 86 20.025
83 122 8.60233
51 125 9.21954
109 143 47.5184
106 114 52.3927
117 156 19.105
20 126 28.3019
103 140 21.9317
39 134 41.3401
84 124 17.088
32 152 18.3848
17 101 9.43398
39 66 53.1507
6 70 48.2701
72 120 37.0135
8 59 20.6155
28 95 12.0416
25 91 59.6825
43 143 15.2971
84 125 14.3178
46 97 15.2643
22 143 41.1096
96 156 40.3113
33 76 6.32456
141 143 47.4342
48 144 16.4012
99 128 53.1507
100 144 20.8806
19 107 26.8328
46 114 5
109 153 22.0907
140 153 23.0868
32 157 44.0114
78 96 53.1507
111 122 42.0595
11 81 30.0167
39 74 38.0132
82 122 19.6977
9 153 14.3178
62 95 36.1248
23 35 18.3848
19 40 44.7772
88 112 29.0689
109 137 39.0512
66 141 45.0111
107 138 52.2398
54 131 21.9317
42 149 22.2036
108 122 7.07107
116 141 49
57 147 13.6015
24 85 10.0499
85 104 16.7631
91 115 35.3412
106 145 55.3263
100 157 38.0789
22 52 43.1856
3 75 47.676
137 140 40.025
22 138 4
52 69 23.3452
30 138 32.6956
103 141 10.198
11 18 22.6716
18 92 11.1803
108 132 29.1204
52 104 19.2354
41 80 4
87 89 21.587
84 115 16.6433
71 121 40.6079
40 142 59.5399
1 144 56.7539
1 153 33.9706
108 157 25.0599
5 82 49.6488
105 139 2.82843
8 147 23.5372
84 159 32.3883
7 26 23.0868
58 75 26.4764
0 32 35.1283
3 62 39.2173
98 117 45
9 81 47.8853
3 84 33.2415
35 106 9.84886
3 96 31.0161
110 130 34.2053
12 26 14.8661
69 134 5.83095
49 83 4
64 120 53.2353
95 159 1
48 97 7
94 155 30.0832
52 143 7.28011
145 152 15.5242
70 89 48.5077
48 147 3
1 23 27.5136
19 20 35.4683
78 126 12.2066
65 145 25.2389
4 150 18.0278
87 155 52.1728
93 104 32.0624
54 141 50.6952
65 67 55.3173
47 93 34.5398
23 63 43.9318
127 154 17.2047
38 53 35.4683
25 130 45.3982
103 134 40.7185
9 82 32.5576
0 81 47.0106
7 91 18.3848
24 105 31.0161
109 148 47.0744
2 38 26.3059
1 151 47.4342
72 118 39.4588
109 122 58.0086
6 87 25.318
17 72 30.8058
99 113 19.9249
77 147 21.6333
90 141 28.1603
18 66 54.1202
81 142 16.6433
0 147 30.8058
70 128 11.6619
7 84 40.7922
6 39 43.0465
10 92 7.07107
41 43 18.6815
98 151 47
2 154 18.1108
1 9 46.8722
127 159 15.8114
10 27 17.0294
32 38 25.0599
93 101 52.8867
47 108 35.1141
90 126 42.107
19 88 6.08276
27 101 39.1152
76 101 9.43398
6 103 45.0999
40 69 43.566
96 110 52.6118
60 102 59.0085
71 95 33.0606
17 24 30.3645
18 149 25.9615
32 58 23.0217
54 72 35.4683
1 37 42.72
25 39 36.2491
69 87 1
78 93 18.9737
1 128 31.1448
52 140 50
15 81 55.0091
1 108 29.2062
42 78 5.38516
49 151 57.0351
7 62 44.0114
7 108 17.8885
65 84 6.7082
117 122 58.6941
44 129 33.0151
88 155 46.8722
14 91 8
32 68 12.1655
121 138 29.0689
91 122 40
49 129 38.2753
90 140 31.305
143 158 37.3631
59 110 34.176
42 137 30.8058
5 7 10.6301
22 78 16.2788
94 108 23.4307
28 29 17.0294
4 84 39.2938
77 97 18.6011
93 98 45.5412
94 96 12
81 127 30.5287
136 144 44.5533
61 154 23.7697
132 141 40.8044
95 111 12.0416
91 127 22.561
86 118 10
95 122 31.4006
28 148 31.4006
14 23 25.9615
19 30 58.3095
70 98 55.0364
35 108 25.9615
3 137 50.0899
48 84 19.9249
5 91 9
20 138 20.6155
10 109 10.2956
62 135 51.6624
94 158 58
11 154 42.5793
82 157 47.0956
70 133 58.6941
65 111 24.0416
30 64 56.0089
59 83 16.7631
18 137 33.1361
71 92 46.0435
25 109 40.2616
1 3 45.1885
11 78 14.1421
50 106 28.1603
8 115 36.4006
10 30 19.105
16 36 16.2788
60 77 52.345
8 14 17.2627
20 69 35
70 78 9.84886
70 73 35.0143
11 50 34.0588
0 56 39.4588
10 153 20.2485
50 153 37.2156
22 156 25.0799
0 144 12.0416
53 145 14.3178
40 109 21.587
94 156 28.4429
7 56 51.0882
60 111 21.9317
55 151 5.09902
42 67 53.0094
0 77 37
58 110 6.32456
5 136 35.3553
4 26 25
132 142 27.1662
122 126 46.0977
32 115 10.198
73 155 43.1856
36 65 16.1245
22 88 24.1661
4 68 47.0425
56 68 3.60555
89 141 36.1248
32 56 9.84886
48 59 36.8782
38 135 33.2415
122 154 15.5242
49 78 54.5711
0 97 24.5967
13 59 4.12311
88 140 27
113 151 59.6657
73 79 24.5967
112 151 45.8803
70 74 30.2655
22 99 32.0156
42 117 10
68 102 7.28011
63 114 16
5 125 31.7805
126 138 19.6469
106 149 51
27 47 44.0454
45 69 16.1245
114 152 11.1803
110 115 21.0238
18 96 55.109
45 92 26
1 93 51.8941
9 54 57.1402
0 13 20.5183
31 121 12.2066
39 50 48.1664
40 52 54.4518
59 114 54.3415
1 117 49.3356
92 139 56.4358
72 92 26.6833
67 130 26.4197
92 123 9.21954
52 98 5.65685
18 85 36.2353
14 154 36.6742
69 76 27.2947
32 62 13.3417
72 105 32.1403
100 106 41.7732
40 129 18
50 130 34.4819
20 143 40.7063
17 139 8
34 53 25.9422
0 60 16.1555
120 138 31.9061
18 148 44.0114
44 126 25.4951
103 108 59.7746
73 99 13
50 136 5
40 154 57.2189
55 66 45.1221
43 80 18.0278
21 102 26.3059
72 88 15.6205
98 143 3.60555
73 87 17
59 81 30.3645
27 82 52.0096
108 130 19.105
24 27 6.40312
6 134 21.5407
107 141 57.0701
32 60 50.8035
26 120 37.1214
37 147 31.0483
15 130 27.0185
39 149 26.8328
23 147 45.2769
50 55 57.8705
61 75 50.1597
2 77 51.1957
15 91 21.1896
55 143 44.1814
94 144 55.3263
79 112 6.32456
11 13 58.3095
91 157 15.5563
151 156 17.1172
13 97 37.1214
47 109 33.5261
130 132 47.3814
54 138 43.1045
34 65 12.0416
18 42 10.4403
51 95 36.0555
55 103 14.2127
8 15 11.1803
0 59 17.2047
76 138 54.3415
3 77 42.107
104 109 32.3883
23 84 50
54 89 19.4165
134 138 23.1948
29 62 31.1448
61 100 37.3363
142 147 54.5894
36 51 18.2483
63 147 4.47214
30 150 41
84 102 17.088
91 135 23.5372
24 123 18.9737
19 121 51.4198
28 100 46.0977
67 144 41.4367
49 109 59.5399
122 129 40.3113
63 135 45.1885
133 143 4.12311
90 116 23.4094
45 105 33.2415
3 15 22.6716
36 150 42.0476
29 91 6.40312
6 93 42.0595
76 143 17.6918
55 113 54.5711
9 133 56.1427
38 57 25.9615
37 65 28.1603
4 71 27.074
35 61 5.09902
18 87 38.833
146 150 52
146 153 12.7279
50 154 9.43398
65 136 58.4637
11 129 3.60555
4 125 35.2278
39 69 46.6154
38 142 42.2966
26 30 34.0147
64 131 6.08276
1 127 34.6699
23 37 15.2971
1 106 36.0555
9 89 50.1597
60 84 43.2897
87 151 37
1 2 34.7851
6 98 15.2643
53 157 54.1202
30 47 8.544
34 95 27.1662
5 95 5
55 87 32.6956
103 128 8.24621
119 133 19.9249
114 147 14.5602
86 143 17
9 72 25.632
118 123 56.0357
2 25 41.1947
115 124 10.6301
99 138 33.2415
9 155 14.1421
36 84 17.8045
67 106 20.3961
59 145 57.3149
66 140 50.5668
2 152 41.9762
5 65 26.3059
99 107 22.1359
88 92 38.2099
28 130 11.4018
119 134 23.0217
73 156 44.0114
53 124 3.60555
17 143 10.0499
12 157 16.5529
138 140 7.81025
131 138 32.45
51 135 51.4198
61 63 34.4384
2 97 35
17 109 46.0977
79 140 51.8845
0 130 9.05539
6 44 27.0185
57 110 20
130 159 8.60233
62 125 8.60233
70 103 8.24621
0 14 7.81025
36 53 34.9285
44 54 43.382
56 157 45.5412
10 72 21.0238
65 152 18.9737
29 100 29.4109
3 127 12
64 153 54.5894
103 129 15.0333
4 16 40.1995
19 70 45.8803
2 91 22.2036
92 146 4.24264
40 149 26.2488
123 134 31.3209
30 45 40.1123
60 130 9.21954
37 77 43.1741
92 104 42.9535
33 93 53.4603
0 111 15.8114
78 122 55.7136
117 129 25.4951
7 153 59.5399
104 156 51.4781
50 137 20
150 159 24.3311
90 128 45.7056
136 137 21.9317
19 31 57.0351
38 59 27.4591
53 91 41.1947
15 67 44.1814
75 106 54.0093
30 140 25.9615
109 149 32.6956
140 149 33.6155
5 23 21.9317
90 117 29.2746
43 133 11.1803
49 108 8.48528
33 118 2
25 142 25.1794
23 135 10.198
79 89 10.2956
13 61 9.8995
0 83 30.4138
30 135 52.6308
41 93 35.7771
93 122 58.0345
25 61 46
130 154 25.0599
2 46 48.6621
10 105 53.1507
42 99 45.0444
31 41 55.9017
72 131 17.1172
127 156 57.3149
24 143 35.5106
3 94 42.45
17 105 10.198
34 122 58.5491
126 149 17.1172
42 88 39.3954
36 159 18.9737
94 122 19.4165
22 119 37.9473
72 76 43.1856
5 51 36.6742
34 51 9.05539
57 75 11.7047
9 73 35.8469
101 133 14.3178
126 132 24.0208
25 117 39
4 82 43.0116
38 124 32.573
26 65 58.4637
30 148 22.2036
73 109 28.178
44 128 26
42 109 17.8885
25 155 21.0238
106 135 9.21954
55 89 35.9026
9 20 33.0151
25 141 42.72
9 22 17.8045
132 156 18.1108
55 134 27.2029
91 106 20.8087
89 133 18.868
127 142 13.8924
130 144 19.3132
140 148 48.0521
0 25 54.4518
20 151 20.6155
3 59 11.4018
5 83 26.9258
96 127 20.2485
52 141 47.676
9 19 42
23 128 57.3149
64 105 17.4642
16 108 59.6657
24 153 41.4367
46 115 6.32456
57 145 7.81025
3 58 24.6982
22 69 28.6356
8 122 44.6542
71 108 12.0416
111 130 21.2603
78 132 32.8938
50 117 55.109
1 70 39.2173
0 110 28.4253
112 113 15.1327
85 88 11.0454
9 112 55.9464
100 142 58.5491
35 83 27.0185
87 133 15.8114
11 109 30.4795
98 112 16.4924
19 109 34.0147
75 130 51.9711
23 110 39.0512
82 111 58.2151
101 131 18.0278
5 36 20.5913
5 37 12.0416
77 106 50.01
69 104 7
23 132 36.4966
27 146 25.02
128 138 27.2029
1 25 17
112 117 44.0114
12 135 9.48683
41 101 19.105
33 86 8.48528
24 86 30.0666
129 153 19.0263
25 153 18.7883
88 133 20.2237
98 99 11.3137
8 154 34.4819
91 154 39
18 30 23.0217
91 111 13
120 134 51.923
155 158 30.0832
1 20 58.0086
24 131 16
24 31 41
130 152 41.5933
78 129 17
80 138 30.0167
20 54 44.4185
58 59 30.5941
23 96 14.0357
18 140 8.48528
78 88 39.9625
10 122 53.9351
4 56 49.2544
11 103 12.3693
31 60 55
135 154 16.4012
55 98 42.0119
26 153 37.3631
103 143 56.5155
59 135 8.06226
151 155 16.0312
61 97 30.2655
74 142 24.5153
45 143 32.8938
1 61 40.8534
11 94 27.6586
103 117 12.8062
1 39 41
26 29 36.2215
9 64 40.3113
66 69 27.4591
5 124 48.5077
90 119 15.2643
13 144 24.7386
56 111 35.171
25 122 21.0238
42 151 8.48528
60 108 13.9284
12 111 27.5136
107 134 30.0832
117 140 10.0499
5 29 7.07107
58 115 21.2132
48 91 26.2488
4 100 41.1096
65 144 14.3178
39 81 44.1022
23 153 52.8867
128 142 48.8365
10 148 41.0122
135 153 53.1507
110 127 39.8246
10 80 37
47 120 11.0454
2 58 29.4279
87 156 53.8516
90 113 28.7924
28 82 37.054
14 38 12.0416
99 103 45.0444
6 66 10.198
42 104 41.4849
5 157 11.1803
7 12 9.48683
18 93 5.83095
35 127 14.3178
25 67 23.0868
14 122 40.7922
48 136 57.0789
154 156 43.1856
9 42 17
109 155 20.1246
3 97 28.1603
94 103 39.1152
83 108 6.32456
112 119 4.12311
47 150 33.1361
104 118 24.6982
17 138 41
73 119 19.2354
93 151 7.28011
16 91 28.178
6 107 24.1868
77 95 41.5933
47 127 46.8188
1 13 32.0156
59 74 39.3192
22 141 12.6491
6 89 4.12311
58 108 47.1699
51 91 27.8927
12 60 6
129 155 13
51 159 36.1248
13 81 28.4429
77 102 9.8995
3 68 43.6807
53 84 18.2483
113 119 14.1421
6 54 23.3238
41 138 32.2025
41 121 48
25 140 41.2311
7 32 48.5077
79 151 50.9608
48 130 35.3553
126 142 51.0392
63 77 26.0768
0 152 34.4093
39 96 53.6004
72 109 18.868
14 48 20.8087
76 86 12.6491
26 123 57.0351
38 152 15.8114
11 73 46.0977
108 152 59.808
151 158 14.7648
108 135 10.7703
52 116 8.24621
0 61 10.6301
23 130 16.2788
72 86 31
50 93 56.921
9 134 37.2156
18 69 37.855
44 88 28.4253
19 119 24.3516
29 127 20.5913
88 98 19.7231
3 111 20.5913
107 133 12.8062
61 106 5
97 115 15.1327
85 153 50.6952
9 103 21
109 116 55.5428
108 153 43
141 151 12.6491
104 155 50.1597
40 50 49
25 136 20.6155
56 125 16.6433
42 116 59.3043
14 124 39.0128
131 153 56.7539
13 152 43.4166
18 44 21.9317
3 56 44.911
10 82 35.0571
8 135 28.2843
68 135 56.2939
25 37 49.0918
69 85 10.2956
5 84 32.0156
17 19 12.1655
46 75 10.6301
32 127 52
96 151 57.4282
34 159 27.2947
4 62 42.0119
11 59 59.8415
95 150 24.1868
112 158 31.3209
11 96 39.4588
12 29 22.0227
8 110 16.0312
123 138 13.8924
106 142 17
12 148 26.9258
13 15 27.2947
39 55 16.6433
39 52 56.0892
67 74 22.8473
74 94 11.4018
15 58 4.47214
24 120 38.0132
138 151 8.94427
38 96 47.0106
26 60 20.6155
31 72 39.6232
122 137 21.5407
100 150 58.2495
18 99 43.6807
54 92 59.4138
17 54 6.7082
12 71 16.2788
37 127 13.8924
86 139 1.41421
87 141 39.2046
2 142 16.0312
35 75 45.2769
104 146 46.5725
42 129 15.8114
40 73 31.0483
49 93 59.2115
69 99 20.6155
61 77 45.5412
19 141 39.4081
122 153 36.0139
63 75 21.9545
105 138 46.0977
40 81 45.0111
46 124 16.6433
100 147 16.4924
2 108 19.2094
53 63 30.4795
66 98 11.1803
74 132 3.60555
47 146 19.2354
8 46 33.2415
7 130 10.4403
15 144 10.4403
35 81 42.0595
59 97 36.0139
38 110 8.60233
70 122 49.2443
74 83 23
35 122 32.9848
82 127 38.2753
103 112 49.366
1 142 20.8087
70 81 41.2311
28 153 55.4437
66 73 23.4094
127 149 46.5296
18 131 42.0476
89 143 15
91 144 10.7703
33 45 37
75 100 15.8114
23 67 12.0416
88 149 59.439
156 158 30.4138
73 153 48.2701
11 70 14.8661
1 140 54.1202
19 151 37.6431
149 158 41.1947
4 51 42.0476
44 90 20.6155
82 159 49.163
30 131 57.2189
32 53 11.0454
12 121 56.8858
41 54 23.3452
110 136 53.4603
8 142 33.6155
64 72 16.4924
15 97 12.2066
50 67 8.06226
23 49 16.1245
49 81 16.6433
132 158 48.5077
41 88 13.6015
58 136 51.0098
28 77 53.6004
18 22 11.7047
20 44 4.12311
9 71 48.2597
131 140 34.176
18 73 30.8058
38 63 12.2066
22 93 9.21954
103 133 58.5235
31 120 8.24621
22 70 16.1245
24 140 20
70 143 57.2189
49 153 37.4833
29 111 8.94427
44 116 41
9 158 26.1725
27 64 20.0998
92 148 36.4966
134 151 31.7805
2 81 31.0483
32 34 17.6918
69 89 21.8403
130 135 9.21954
35 152 34.0147
54 123 50.8035
80 109 33.2415
55 79 45.8803
10 47 27.0185
123 133 49.8197
149 156 11.0454
5 115 43.6578
18 41 41.5933
2 124 57.3149
43 86 3.60555
110 122 58.1808
17 18 51.788
5 106 14.4222
93 128 24.8395
69 141 38.4187
45 86 31.5753
65 130 31.0161
122 132 22.8473
18 153 17.4642
31 80 55.3263
38 77 28.3019
49 126 46.0977
101 134 26.0768
54 117 49.4975
5 57 48.3735
11 140 31.1448
52 89 12.083
72 134 18.3848
0 35 6.7082
4 5 10.8167
30 72 40.1123
13 32 51.1957
7 100 42.45
39 136 52.469
0 7 15
2 13 3.60555
77 115 13
6 73 15.6205
106 132 44.1022
8 152 26.1725
94 132 12.2066
106 144 21.095
3 46 43.0813
71 150 9.05539
107 109 59.0339
22 55 3.16228
13 38 28.0179
78 119 48.0104
9 39 26.0768
39 138 22.4722
18 105 56.3028
101 143 18.4391
60 71 22.2036
21 28 34.1321
88 146 41.5933
66 119 5.09902
58 154 47.0956
40 158 16.4924
5 108 24.0208
11 137 22.8035
23 155 55.4437
0 58 22.6274
96 136 1.41421
19 90 15.8114
37 122 32.311
22 129 31.0161
136 142 7.81025
148 159 43.566
9 156 17.0294
69 153 54.1479
33 140 52.1536
18 101 58.5235
0 29 7.07107
5 67 32.249
80 140 32.28
64 76 27
75 91 39.2173
11 126 13.8924
20 133 43.566
69 109 32.0624
9 18 7.61577
88 121 45.8803
93 146 16.4012
59 94 32.249
49 155 41.0122
4 159 7.81025
66 143 14
9 55 16.2788
46 77 19.105
22 151 8
35 59 11.7047
1 130 42.5441
4 111 15.5242
76 140 58.3095
77 84 9.05539
13 83 17.4929
80 118 23.5372
15 84 24.8395
135 150 16.4012
2 8 19.2094
86 109 48.0521
142 152 57.8705
25 96 21.1896
18 156 15.2315
79 107 17.0294
8 75 41.7612
111 135 29.2062
130 136 29.5296
100 110 22.8254
12 62 53.1507
153 156 10.4403
13 124 59.6825
22 81 57.2713
101 123 52.2398
2 14 18.6815
70 104 42.5793
11 19 59.0931
11 122 43.909
67 103 53.0848
104 107 26.6833
122 140 59.0085
93 141 19.105
74 137 2.23607
20 93 25.4951
50 129 31
52 138 43.7379
50 140 58.8727
79 158 36.6742
88 119 26.0768
126 141 18.6011
9 143 55.5788
24 134 19.2094
33 131 21.5407
6 151 41.1096
13 135 11.4018
59 63 38.8973
47 140 34.4819
6 155 56.7539
9 98 54.1295
121 134 47.7598
95 102 48
114 124 17.72
53 68 14.2127
6 104 18.6815
38 49 48.0521
55 119 40.5216
106 124 56.2228
120 122 38.8973
51 130 42.2019
27 138 15.2315
35 110 26.4008
60 82 38.2099
108 129 46.0977
157 159 7.28011
60 68 52.0865
106 136 23.5372
88 153 50.04
44 141 8
64 138 28.6356
132 135 38.2099
28 65 39.2938
123 140 6.32456
14 58 14.8661
46 63 12.3693
85 93 30.4138
1 126 36.7696
25 135 36.2215
54 107 12.0416
75 97 20
148 157 41
18 126 9.43398
93.2631
49.3356
80.0999
88.0909
84.9294
89.4539
39.2173
82.5651
96.3379
13.6015
19.6469
23.8537
73.1642
78.3135
98.0051
105.575
124.952
47.8017
6.40312
35.7351
19.4165
112.45
6
73.2462
27.8029
39
60.7289
21.6333
78.4474
95.0368
29.4109
26.4197
128.062
54.8179
117.239
90.0056
108.674
88.0511
106.301
16.1555
12.083
39.4081
10
53.1413
15.6205
21.2603
128.561
37.7359
115.525
59.0339
55.109
126.02
49.163
139.09
49.4975
3.16228
132.639
131.856
109.371
79.0569
79.0759
85
126.151
116.966
35.7771
115.109
48.2701
61.4003
130.981
34.176
10.198
58.2409
25.6125
25.1794
40.05
135.059
61.131
130.188
12.53
49.0408
37.2156
51.4198
43.4626
63.0317
121.264
34.2053
51.0784
35.1141
29.7321
39.0512
29.2746
98.4124
17.2047
7
47.5184
90.0944
59.4138
115.07
45
37.855
122.102
55.1543
137.713
12.8062
32.3883
53.2259
81.0555
58.0086
65.4905
10
112.009
100.439
44.0114
57.7235
132.85
130.138
52.3927
0
56.7539
43.6807
29.6985
28.0179
58.6941
16.0312
137.015
120.033
13.0384
76.1052
20
25.4951
84.214
39.6611
37
48.5077
29.8329
75.1066
58.5491
38.0132
7.2111
50.5668
10.0499
12.1655
64.0703
47.0956
102.005
136.297
21.4009
118.512
50.1597
30.1496
67.1863
2
121.696
23.4094
62.2896
18.0278
19.105
89.2693
13.0384
89.9444
