14 30 21.2132
6 37 16.1245
12 20 12.2066
17 37 36.1248
12 25 14.1421
1 5 15.1327
6 25 5.83095
23 29 35.0571
9 27 29.8329
19 31 12
7 25 28.1603
8 10 16.6433
18 36 33.9559
16 17 21.6333
7 33 6.08276
13 31 6.7082
1 17 3.60555
3 13 27.2947
1 12 17.2047
21 40 25.0799
26 40 39.2938
9 35 14.7648
7 29 16.7631
18 26 23.0217
15 32 15
13 32 32.5576
10 29 6.7082
14 16 18.6011
6 31 12.6491
30 35 29.0689
1 23 12.0416
15 31 23.1948
20 40 5.09902
13 40 10.7703
1 3 38.0526
0 3 11
14 18 36
27 30 20.6155
27 31 12.8062
10 14 39.0128
23 27 10.6301
22 27 38.1182
10 32 14.5602
8 15 13.9284
5 26 38
14 28 37.054
30 36 26.4008
31 39 23
12 17 17.6918
33 35 5.09902
25 40 8.544
15 17 31.0644
36 38 7
14 24 23.0217
1 10 29
8 23 28.1603
12 29 17.0294
7 12 29.6142
21 35 3.16228
1 36 14.7648
23 36 6.08276
30 37 22.2036
16 39 13.3417
1 40 17
25 37 21.0238
11 38 32.573
15 19 24.6982
0 35 4.12311
6 21 26.4197
2 18 11.7047
6 12 18.3848
13 35 28.2312
30 34 26.3059
3 31 33.0151
29 37 10.7703
0 32 10.2956
23 24 20.2485
2 28 13.3417
16 28 31.0644
9 36 37.3363
6 8 12.1655
13 30 2
9 12 18.4391
6 40 11.1803
12 14 25
14 29 33.2415
0 10 15.8114
16 23 15.8114
0 7 5.09902
5 35 24.5967
22 24 15.2315
6 39 35.2278
29 35 15.2315
10 34 8
12 13 16.0312
19 39 25.9422
0 31 35.1141
7 40 24
22 23 31.4006
16 25 35.8469
5 20 10.2956
27 36 8.24621
3 8 24.0416
23 39 6
13 20 12.7279
32 33 11.1803
11 26 24.1868
7 35 2.23607
1 24 31.3847
34 40 23.4094
24 39 15.5563
17 40 18.9737
34 35 9
5 16 39.3954
20 32 23.1948
12 40 7.81025
17 20 23.5372
24 28 23.4307
9 33 18.4391
4 11 4.24264
14 39 8.24621
1 15 28.2843
12 33 28
14 38 3.16228
10 20 11.4018
7 37 10.8167
17 26 20.3961
29 38 36.1248
5 37 18.0278
14 19 20.5183
9 25 12.1655
25 31 7.07107
9 37 9.48683
9 19 21.9545
20 31 16.1555
10 27 35.171
0 29 18.0278
4 26 25.632
6 13 6.08276
5 7 26
21 37 13.0384
15 30 18.7883
2 22 8.06226
0 12 28.0179
5 10 14.1421
2 26 29.5466
5 14 25.02
13 37 22.0227
8 29 10
3 12 30.4631
26 31 28.1603
31 38 18.0278
19 37 31.305
16 19 26.0192
24 38 20
7 20 19.0263
23 31 17
1 7 39.8121
5 19 18.0278
13 21 31.3847
14 36 8.544
0 20 18.9737
18 22 7.61577
14 15 38.3275
1 25 12
28 38 34.1321
9 17 27
19 24 34.0147
2 23 39.0512
10 25 17
1 31 5.09902
3 29 15.0333
20 39 38.4708
1 27 10.2956
12 30 18.0278
5 12 16.7631
14 17 7.61577
0 25 29.0689
8 35 22
1 38 13
10 33 16.6433
19 25 14.7648
17 36 11.1803
19 30 18.0278
25 27 19.2354
8 16 36.3456
19 23 20.8087
9 21 17.8885
17 39 15.0333
4 16 26.9258
3 30 27.6586
10 30 18.4391
6 14 27.074
15 33 14.1421
25 26 35.0571
30 39 29.4279
2 24 21.095
21 34 10.4403
8 9 11.4018
10 17 32.0624
13 26 34
24 31 35.7351
12 32 34.4819
27 37 39.2938
0 8 23.3452
12 21 30.2655
25 29 11.4018
31 32 38.1182
13 38 24.0832
8 12 7.07107
12 36 24.0416
1 20 21.1896
21 29 18.3848
5 15 14.3178
31 33 35.4683
26 30 34.0588
13 29 13
3 33 12
32 35 7.81025
16 38 16.1245
29 36 36.2215
8 32 28.4429
15 40 13.6015
7 19 34.3657
17 23 9.05539
13 33 31.3847
17 29 26.0192
8 40 1
12 24 39.0512
18 39 28.0713
2 39 33.2415
17 25 15.1327
6 35 23.3238
2 11 6
35 37 10.7703
5 30 4.47214
7 31 34.7131
16 22 23.4094
1 30 11.7047
6 7 24.5967
4 38 34.7131
4 23 35.5106
6 27 25.0599
8 27 20
10 21 14.8661
5 38 28.0713
8 30 13.6015
6 19 20
3 9 14
18 24 21.4009
9 14 34.1321
19 36 18.9737
20 35 17.1172
34 37 4.12311
10 15 4.12311
5 27 22.8254
5 9 9.84886
1 39 18.0278
9 40 10.8167
21 32 6.7082
19 27 10.7703
16 30 36.7151
15 34 9.84886
7 32 5.65685
19 21 35.1283
23 40 27.8927
8 17 19.3132
0 37 14.8661
6 15 13.0384
7 10 12.8062
28 36 35.4401
30 33 32.45
20 34 18.3848
7 21 2.23607
3 40 23.7697
6 36 31.6228
25 34 25
6 20 10.4403
11 14 35.7351
32 40 28.2843
6 33 27.0185
15 35 10.2956
1 26 23.0868
32 37 11.1803
20 23 32.5576
8 26 39.5601
3 10 9.21954
1 6 17.2627
0 15 13.4536
1 9 24.0832
5 8 11
1 16 25.2389
3 19 34.7851
5 21 27.7308
29 33 18.6011
20 33 19.3132
22 36 30.0167
33 34 14.0357
13 25 2.23607
12 34 30.4138
0 13 30.8869
11 16 23.3452
17 38 10.198
32 34 7.2111
15 27 33.3766
0 21 3.60555
10 37 4.12311
0 33 1
16 24 8.24621
11 22 4.12311
9 31 19.0263
8 21 25.02
3 21 8.24621
15 25 16.4924
19 38 22.2036
8 14 26.9258
0 9 17.8045
24 26 15.2315
2 4 4.24264
5 31 10.4403
4 14 37.855
14 31 15.1327
9 34 13.1529
23 25 24.0208
30 31 7.81025
6 17 20.6155
10 12 23.6008
21 31 36.1386
17 19 13.6015
11 18 11.1803
9 10 5.38516
31 36 18.9737
13 23 23.1948
4 28 10
20 38 33.7343
19 26 31.7648
24 36 16.7631
8 34 23.7697
11 36 31.1448
1 19 13.9284
30 32 32.9848
3 37 5.83095
18 23 34.0588
21 33 4.47214
2 38 38.3275
1 29 23.1948
8 31 12.8062
3 32 5.38516
23 28 35.2278
30 38 24.3311
10 31 24.0208
20 27 25.0799
30 40 12.6491
3 6 21.587
13 17 14.5602
13 36 25.632
15 29 5.09902
1 35 38.0789
17 27 7.28011
25 30 4.12311
8 20 5.38516
12 19 5.09902
20 36 33
7 9 16.1555
20 25 10.6301
8 13 11.7047
28 39 29.2746
8 39 33.9559
7 30 30.4631
8 36 28.0713
36 40 28.0179
9 29 1.41421
8 38 29.4109
5 23 27.1662
0 30 31.9061
13 39 29.1548
20 37 15.2643
3 25 26.0768
9 30 14.3178
9 13 13.6015
19 33 33.0151
6 9 8.60233
4 18 8.06226
26 27 21.095
8 37 20.5913
6 30 6.08276
22 28 9.84886
1 8 17.4929
5 36 29.4109
7 15 11.7047
14 26 13.0384
9 15 4.47214
3 35 7.07107
9 20 6.40312
6 29 8.48528
10 35 12.0416
38 40 29.1204
12 38 26.9258
22 26 21.5407
4 36 34
0 6 26.4008
12 31 13.9284
4 39 29.6142
29 30 13.8924
33 40 23.7697
26 36 13.4536
0 40 23.5372
0 19 33
35 40 22.0227
12 35 27.4591
3 7 6.08276
14 20 31.0483
15 20 8.544
23 26 11.4018
20 29 5
17 24 27.8568
10 19 27.2947
19 20 16.1555
14 22 33.7343
21 25 29.7321
13 14 21.0238
14 27 11.1803
19 35 32.249
11 27 39.0128
7 8 24.0208
14 25 22.0227
12 37 27.4591
10 13 18.1108
31 34 32.0156
13 16 35.7771
7 13 29.7321
12 27 15.8114
0 5 27.4591
8 25 9.48683
5 13 4
29 31 18.1108
5 40 10
33 37 15.8114
27 40 20.025
13 27 19.4165
8 33 23.5372
1 37 33.0151
5 6 2.23607
5 33 28.0179
29 40 9.43398
19 32 39.0512
6 32 26.9258
19 40 11.1803
16 26 16.1245
12 39 30.8707
5 29 9.43398
19 34 34.5398
26 28 24.0208
25 38 25
16 18 29.1548
27 38 12.0416
39 40 33.7343
6 23 29.2746
13 19 16.1555
5 39 33.1361
25 33 29.5296
31 37 28.0713
15 37 7.07107
12 15 20.5913
31 40 12.2066
22 39 25.4951
29 32 20.025
14 23 2.82843
19 29 20.5913
29 34 14.3178
18 38 33.0151
16 31 29.0689
4 22 4.12311
23 30 23.5372
25 35 26.5707
14 40 26.5707
11 24 15.1327
27 29 28.6356
25 39 30.0167
17 30 15.2315
23 38 1.41421
27 39 15.2643
9 23 36.0139
0 34 13.0384
12 23 25.5539
5 32 28.6356
16 40 36.4966
38 39 5.09902
22 38 30.5941
26 38 10.198
6 10 12.3693
10 40 16.1245
16 27 16.7631
3 15 10.198
26 39 5.83095
37 40 20.1246
9 32 19.105
13 15 18.0278
3 34 2.23607
36 39 7.81025
6 34 20.2237
11 28 13.3417
12 26 36.6742
25 32 31.257
17 31 8.06226
31 35 32.9848
3 5 23.3452
20 21 20.2237
1 13 11.1803
5 25 3.60555
3 20 18.6815
1 34 37
20 30 14.2127
13 34 26.0768
5 34 22.0907
2 36 37.1214
18 28 2.23607
5 17 18.4391
11 39 27.5136
12 16 31
24 27 24.1868
4 24 18.6815
9 38 37.054
8 19 10.7703
2 16 29.2746
1 14 10.0499
6 38 30.1496
21 30 32.2025
15 21 13.4164
11 23 33.2415
16 36 10.6301
25 36 25.9615
7 34 8.24621
